Cuda on: False
{'arch': 'test_', 'epoch': 2, 'state_dict': OrderedDict([('layer1.0.weight', 
(0 ,0 ,.,.) = 
 -0.0342  0.1979  0.0871  0.1720 -0.2010
 -0.1478 -0.0801  0.1986 -0.1423 -0.1066
 -0.1641 -0.0424 -0.1265 -0.0458 -0.0628
  0.0669 -0.0423  0.1732  0.0145  0.1375
 -0.0333 -0.0757  0.0731  0.0088 -0.1192

(1 ,0 ,.,.) = 
 -0.0236  0.1502 -0.1092 -0.1900  0.0128
  0.0672  0.1646 -0.0341 -0.0181  0.0225
 -0.0287 -0.1448  0.1747 -0.1218  0.1104
  0.1193  0.0854  0.1863  0.1201 -0.0756
 -0.1639  0.0759  0.0063  0.1496  0.1450

(2 ,0 ,.,.) = 
  0.1568  0.1307 -0.1670  0.1308 -0.1854
 -0.0918 -0.1311 -0.1753  0.1522  0.0672
 -0.1597  0.0382 -0.0306  0.0677  0.1822
 -0.0343  0.0143 -0.1220  0.0758 -0.0851
 -0.0728 -0.1422  0.0736  0.1123  0.1329

(3 ,0 ,.,.) = 
 -0.0360 -0.1937 -0.1873  0.0991  0.0486
  0.1945  0.0633  0.0983 -0.0816 -0.0888
 -0.0225  0.1147 -0.1122 -0.1597 -0.1717
 -0.0218 -0.0133  0.1624 -0.1625 -0.0836
  0.1603 -0.0859 -0.1532 -0.1490  0.0109

(4 ,0 ,.,.) = 
 -0.1932 -0.1656  0.0705  0.1657 -0.1143
  0.1632 -0.0928 -0.0794 -0.0024  0.0348
 -0.1797  0.0274  0.0306  0.0466 -0.1423
  0.1816  0.0367 -0.0946  0.0789 -0.1086
 -0.1601  0.0144 -0.0334  0.1790  0.0768

(5 ,0 ,.,.) = 
 -0.0018 -0.0333  0.0172 -0.1790  0.1072
  0.0154 -0.1809  0.0665 -0.1430  0.0070
  0.1180  0.1788 -0.1871  0.0356  0.1543
  0.1624  0.0173 -0.1440 -0.0198 -0.1433
  0.1579  0.1240 -0.0480 -0.0419  0.0164

(6 ,0 ,.,.) = 
 -0.1349  0.0599  0.1700 -0.0545 -0.0599
  0.0274  0.0993  0.0541  0.0914 -0.1485
  0.1523  0.0751  0.0485  0.0581  0.1014
 -0.0594 -0.0614  0.1043 -0.0930 -0.0584
  0.1574  0.1001 -0.0298  0.1515  0.1849

(7 ,0 ,.,.) = 
 -0.1963  0.0644 -0.0018  0.0497 -0.1695
 -0.1551  0.1138  0.1788 -0.1734 -0.0190
 -0.0589  0.0304  0.1777 -0.0357 -0.0471
 -0.1062  0.1042  0.1604  0.1096  0.0305
 -0.0785 -0.1979  0.1081  0.0459 -0.1398

(8 ,0 ,.,.) = 
 -0.0683  0.0325  0.0118 -0.1974  0.1534
  0.0846 -0.0561 -0.0107  0.1644  0.1068
  0.0503 -0.0120 -0.1927 -0.0914  0.1728
  0.1337  0.0774  0.0215  0.1999 -0.1710
 -0.1301 -0.0100 -0.1441  0.0981  0.1740

(9 ,0 ,.,.) = 
 -0.1242  0.0777 -0.0153 -0.1746 -0.1069
  0.1012  0.0023  0.1006 -0.1176  0.1702
 -0.1813  0.0836  0.0065 -0.1513 -0.1301
 -0.1930 -0.0425 -0.1905 -0.1581 -0.1877
  0.0029 -0.1025 -0.1601  0.1430 -0.0835

(10,0 ,.,.) = 
  0.0145 -0.1083  0.0221  0.1881  0.1378
 -0.0897 -0.1493 -0.1056 -0.0873 -0.1624
  0.0333  0.0270  0.1868 -0.0318  0.0234
 -0.0539 -0.1935  0.1242  0.1193 -0.0851
 -0.1058  0.0880  0.1238  0.0462 -0.0459

(11,0 ,.,.) = 
 -0.0282  0.1464  0.1017  0.0998 -0.0279
  0.0235 -0.0276 -0.1444 -0.0562 -0.1750
 -0.1377 -0.1519  0.1739 -0.1832  0.1676
 -0.1580  0.1118 -0.1107  0.0455  0.0842
 -0.1866  0.0229  0.0607 -0.1960 -0.1491

(12,0 ,.,.) = 
 -0.1702 -0.0813  0.1879 -0.0547  0.0282
 -0.0891 -0.1177 -0.1694 -0.0981 -0.1381
  0.0985 -0.1344 -0.1208  0.1765  0.0335
 -0.0505  0.1890 -0.1790  0.1397  0.0974
 -0.1031 -0.0795 -0.0015 -0.1173  0.0490

(13,0 ,.,.) = 
  0.1937  0.1326  0.1582 -0.1383  0.1047
 -0.1916  0.0614 -0.1730 -0.1851 -0.0045
  0.1266  0.0435  0.1040  0.0265 -0.0169
 -0.0721  0.0137  0.1944 -0.1573  0.0329
 -0.1406 -0.0469  0.0045  0.0214 -0.1127

(14,0 ,.,.) = 
  0.0971  0.1656  0.0667 -0.0141 -0.0930
 -0.1481 -0.1745  0.1047 -0.0510 -0.1139
  0.0509 -0.1713 -0.1149 -0.1608  0.1021
 -0.1361 -0.1744 -0.0564 -0.0949 -0.1609
  0.1209 -0.1437 -0.1216  0.1734  0.0568

(15,0 ,.,.) = 
  0.0316  0.0109  0.1369  0.1709  0.0503
 -0.0937 -0.0692 -0.1726  0.0922  0.0950
  0.0101  0.1099  0.0957  0.1641 -0.1328
  0.1718  0.0738 -0.1954 -0.0303 -0.1073
  0.0904  0.0457  0.1015  0.1786 -0.0420

(16,0 ,.,.) = 
  0.1791  0.1691  0.0217 -0.1196  0.1652
 -0.1978  0.0556  0.1695 -0.0450 -0.0832
 -0.0046 -0.1322  0.0427 -0.1914  0.0188
 -0.0182  0.1715  0.1223  0.1665 -0.0536
 -0.0410  0.0447  0.1843 -0.1871 -0.1314

(17,0 ,.,.) = 
 -0.0592 -0.1505 -0.1676 -0.1450  0.0763
  0.0013 -0.1959 -0.1924 -0.0172  0.1782
  0.1835  0.1298 -0.0673 -0.1950 -0.0122
 -0.1305 -0.1588 -0.0682  0.0002 -0.1486
  0.1533  0.1228  0.0128 -0.0631 -0.0884

(18,0 ,.,.) = 
  0.1770 -0.0591  0.0318  0.1575  0.1505
 -0.1024  0.1389 -0.1894  0.1612  0.1853
 -0.0150 -0.0270  0.0195 -0.0625  0.1184
  0.0318 -0.0847 -0.1504 -0.0049  0.1790
  0.0386 -0.0756 -0.1948  0.1801  0.0364

(19,0 ,.,.) = 
 -0.1136 -0.0275 -0.1015  0.1239  0.1465
 -0.0749 -0.1069  0.1582  0.1270  0.0321
  0.0166 -0.1274 -0.1225  0.1162  0.0365
  0.0438 -0.1797 -0.1774 -0.1927 -0.0309
 -0.1811  0.0726 -0.0392  0.1684  0.0298

(20,0 ,.,.) = 
 -0.2008  0.1480  0.1917  0.1155 -0.0504
 -0.0991  0.1905 -0.1661  0.0429 -0.1359
  0.1305 -0.1152  0.0309 -0.0320  0.0522
 -0.0599 -0.0848  0.0810  0.0357  0.0800
  0.1010 -0.1691  0.1443 -0.1844  0.1030

(21,0 ,.,.) = 
  0.1168  0.0802  0.1612  0.1468 -0.1971
 -0.0699 -0.0933  0.0693 -0.0120 -0.0187
 -0.0551 -0.0482 -0.1029 -0.0347 -0.1897
 -0.0404  0.0117 -0.0740 -0.1489  0.0478
  0.0236 -0.0289 -0.1339  0.1885 -0.0326

(22,0 ,.,.) = 
  0.0701  0.0729 -0.1216 -0.0894 -0.0283
 -0.1970 -0.0637 -0.1131  0.1201 -0.1862
  0.1510  0.1749  0.1625  0.1138  0.0661
  0.0080 -0.0909 -0.1924 -0.0981 -0.0795
  0.1410  0.0173  0.0121  0.1450  0.1219

(23,0 ,.,.) = 
 -0.1250  0.0300 -0.1656  0.0943 -0.1813
  0.0086 -0.0215  0.1094 -0.1913  0.0285
 -0.1722 -0.0127  0.1257 -0.0619  0.0535
 -0.1717  0.1101 -0.0478  0.0833 -0.1691
 -0.1037  0.1941 -0.1812 -0.1264 -0.0865

(24,0 ,.,.) = 
  0.1257  0.1470  0.1510 -0.1698  0.0764
  0.0651  0.0288 -0.1240 -0.1346  0.0079
 -0.0122  0.1626 -0.0629 -0.0109 -0.1110
  0.1378  0.0380  0.1365 -0.0761 -0.1453
  0.1655  0.0171  0.1629 -0.0142 -0.0982

(25,0 ,.,.) = 
 -0.1135 -0.1546 -0.0227 -0.1218 -0.0069
  0.0008 -0.0657  0.0924 -0.1954 -0.1157
  0.0032 -0.1018  0.0703  0.1417 -0.1768
 -0.0347 -0.1380  0.0457  0.0410 -0.1075
 -0.0733 -0.1602  0.1552  0.0073  0.1171

(26,0 ,.,.) = 
 -0.0081 -0.1120 -0.1379 -0.1189  0.0497
  0.0732  0.0186 -0.1365  0.0627  0.0051
 -0.1412  0.1962  0.0996 -0.1411 -0.1102
 -0.1797  0.0087  0.1586  0.1131  0.0851
 -0.1921 -0.0769 -0.0713 -0.0438  0.1482

(27,0 ,.,.) = 
 -0.1667  0.1369 -0.0601  0.0144 -0.1986
  0.1456  0.0509  0.1809 -0.1189  0.1316
  0.0490  0.1406 -0.0704 -0.1595 -0.1801
  0.0595  0.0883  0.0804  0.1027  0.0431
 -0.0385  0.1188  0.0807 -0.1872  0.0331

(28,0 ,.,.) = 
  0.1091  0.1868  0.0917 -0.0794 -0.0971
 -0.0735 -0.0962 -0.1084  0.0519  0.0679
 -0.0609  0.1126  0.1176  0.0041 -0.0225
  0.0471  0.1141 -0.1827  0.1952 -0.0226
 -0.0789  0.1882 -0.1418 -0.0572  0.1595

(29,0 ,.,.) = 
  0.0206  0.0176 -0.0345  0.1909  0.1874
  0.0536 -0.1198  0.1986  0.1961  0.0174
  0.0647  0.0116  0.1246 -0.1468 -0.0157
 -0.0567  0.1559 -0.1885  0.0126 -0.1368
  0.0319  0.0993  0.1660 -0.1888 -0.0753

(30,0 ,.,.) = 
 -0.0544  0.0895  0.1459  0.1211  0.0761
 -0.0090  0.0754 -0.0060 -0.1255  0.1376
 -0.0222  0.0212  0.0316 -0.0911  0.1969
 -0.0043 -0.1174 -0.0907 -0.0999 -0.1088
 -0.0941  0.0597  0.1011  0.1695 -0.0162

(31,0 ,.,.) = 
 -0.1188 -0.1782  0.1509  0.0024 -0.0147
 -0.1142  0.0890  0.1184 -0.0799 -0.0821
 -0.0034 -0.1900 -0.1195  0.0364 -0.1656
  0.1365 -0.1347 -0.0486  0.0002  0.1009
  0.1140  0.0035  0.1624  0.0174 -0.1112
[torch.FloatTensor of size 32x1x5x5]
), ('layer1.0.bias', 
 0.1828
 0.0943
 0.1206
-0.0959
-0.1881
 0.0247
 0.0828
-0.1460
-0.0130
-0.0502
 0.1780
-0.1659
-0.1124
 0.0033
-0.0942
 0.0788
-0.1684
-0.0162
-0.0296
-0.0545
-0.1554
 0.1254
 0.0525
-0.1827
 0.1222
-0.0459
 0.0777
-0.0176
 0.1075
 0.0953
-0.0620
 0.1629
[torch.FloatTensor of size 32]
), ('layer2.0.weight', 
(0 ,0 ,.,.) = 
  2.5455e-02 -1.4740e-02 -6.0361e-03  2.1470e-02  2.1911e-02
  1.0053e-02  7.9450e-03 -3.3561e-02 -2.6213e-02  1.5642e-02
 -2.8813e-02  8.3168e-03 -3.5059e-02  1.1730e-02 -3.1637e-02
  6.9367e-03 -1.9288e-03  6.1984e-03 -2.6341e-02 -8.8280e-03
 -3.2391e-02  3.3435e-02  1.9021e-02  3.3433e-02 -8.4350e-03

(0 ,1 ,.,.) = 
 -6.9808e-03  1.6462e-02  2.2772e-02 -4.3654e-03  3.3093e-02
 -2.5295e-03  7.0351e-03 -2.5500e-03  1.1087e-02 -2.8381e-03
 -2.8257e-02  2.2437e-02  3.3753e-02 -7.9018e-03  1.8764e-02
  2.7616e-02  3.5957e-02 -3.1737e-02  9.8678e-03  1.8366e-02
 -3.3709e-02 -2.5477e-02  1.6492e-02  9.3800e-03  1.2303e-02

(0 ,2 ,.,.) = 
 -3.3623e-02  6.6958e-03  1.7318e-03 -2.8845e-02 -3.6142e-02
 -1.4534e-02  3.0904e-02  2.0531e-02  2.7666e-02  2.6589e-02
  2.1924e-02  1.7481e-03  3.0364e-02  1.4253e-02 -2.6063e-02
 -2.8856e-02 -2.3202e-02  9.1525e-03 -2.3088e-02  2.4886e-02
  9.6616e-03  1.4860e-02  2.9695e-02  2.8937e-03  3.3645e-02
   ...

(0 ,29,.,.) = 
  2.8522e-02 -1.7285e-02  2.5645e-02 -7.5815e-03  7.8706e-04
  3.4603e-02 -2.7513e-02 -1.3705e-02 -2.6008e-02  3.3117e-02
 -5.0032e-03  8.6396e-03  7.5895e-04 -9.8317e-03 -1.6412e-02
  2.6278e-02 -1.7813e-02  9.4550e-03 -4.0419e-03 -1.8534e-02
 -8.3536e-03  1.9708e-02  1.5261e-02 -5.7418e-03 -3.3932e-02

(0 ,30,.,.) = 
 -9.0762e-03  7.0414e-03 -1.3001e-02 -3.4149e-02  1.2956e-02
 -3.1921e-02 -1.7359e-02 -1.8139e-02  2.0799e-02  5.4976e-03
 -1.3475e-02 -3.0111e-02  2.1201e-03  2.4530e-02 -1.8540e-03
 -2.9231e-02  2.6127e-02 -1.3106e-02  2.6463e-02  2.0961e-02
 -2.3316e-02  3.1627e-02  5.0354e-03 -1.8890e-02  2.7158e-02

(0 ,31,.,.) = 
  4.8574e-03 -2.8103e-03  4.1328e-03  2.8831e-02 -6.1443e-04
 -1.4629e-02 -2.5478e-03  8.6952e-03  2.9821e-02  1.1902e-02
 -8.7727e-03 -2.0218e-02 -3.3040e-02 -3.5381e-02 -1.8274e-02
 -6.8872e-03 -5.7687e-03  3.0006e-02 -1.5552e-02 -1.2099e-02
  3.9395e-03  2.0781e-02  1.7431e-02 -2.2001e-02  2.9764e-02
     ⋮ 

(1 ,0 ,.,.) = 
 -1.2174e-02  2.0209e-02 -2.4131e-02  3.5871e-03  1.6312e-02
 -2.2234e-02  1.5092e-02 -4.2564e-03  1.2329e-02  1.8621e-02
 -1.8437e-02 -3.4024e-02  1.4601e-02 -2.2627e-03 -1.8283e-02
  2.5348e-03 -4.3292e-03  3.6361e-03 -1.0056e-02 -2.2817e-02
 -9.2315e-03  8.7641e-03 -3.0279e-02 -1.7654e-02  1.0308e-02

(1 ,1 ,.,.) = 
 -2.3268e-02  1.5659e-02 -6.8761e-03  9.0318e-03  1.1878e-03
  1.1487e-02 -2.2644e-02 -2.2339e-02  5.0260e-03 -2.3788e-02
  2.2952e-02  2.6490e-06 -2.4716e-02  2.7540e-02  2.0470e-02
 -2.3348e-02  3.3100e-02 -3.6275e-03  3.2291e-02 -4.0257e-03
 -1.2368e-02 -1.1916e-03  1.2653e-02 -2.4934e-02  1.0467e-02

(1 ,2 ,.,.) = 
 -1.0141e-02  2.4191e-02 -1.5870e-02  2.3503e-02  2.5361e-02
  4.8919e-03  2.2236e-02  1.1251e-02 -4.1877e-03  8.8864e-04
  6.5676e-03 -3.5789e-02 -2.4070e-02  1.5995e-02  1.6796e-03
 -4.0046e-04 -1.3367e-02 -2.0882e-02  2.6431e-02  2.6533e-02
  1.1134e-02  2.1185e-02  1.0437e-02  1.6643e-02 -2.5534e-02
   ...

(1 ,29,.,.) = 
  1.5201e-02  2.6787e-02  2.1028e-02  1.2106e-02 -3.2259e-03
  6.7296e-03  2.4026e-02 -2.0162e-02 -6.6923e-03  3.0892e-03
  3.1300e-02  2.8891e-02 -3.0757e-02 -1.2789e-02  3.1303e-04
  2.7230e-02  2.7387e-02  2.7908e-02  2.6011e-02 -1.1032e-02
  1.9953e-02  1.1946e-02 -6.6423e-04  2.7229e-02  2.3680e-02

(1 ,30,.,.) = 
 -2.9003e-02  2.9936e-05  2.7769e-02  2.5587e-02 -2.0861e-02
  1.6740e-02  2.5732e-02 -4.1167e-03  1.2817e-02 -2.5494e-02
 -1.0008e-02 -7.9246e-04 -2.3652e-02 -2.8760e-02  1.0572e-02
  2.8447e-02  2.5592e-02 -3.0611e-02  2.3758e-02  2.4974e-02
  8.0683e-03 -1.0439e-02  3.1266e-02  3.0862e-02  7.3583e-03

(1 ,31,.,.) = 
  2.2974e-02 -2.0367e-02  2.7824e-02 -3.9993e-03 -2.3736e-02
 -1.0544e-02  2.6368e-02  3.5786e-02  2.0152e-02 -7.4694e-03
  6.8873e-03  3.3839e-02  2.3530e-02  3.3024e-04  2.2926e-02
 -2.4173e-02 -2.8380e-02 -3.1082e-02 -7.2871e-03 -1.0171e-02
  2.8136e-02 -2.7628e-02  3.1310e-02  8.5122e-03 -2.8261e-03
     ⋮ 

(2 ,0 ,.,.) = 
 -7.0866e-03 -1.6808e-02  3.3714e-02  2.2847e-02  2.9403e-02
  3.0648e-02 -2.5803e-02 -2.2754e-02 -6.4335e-03 -2.6919e-02
 -1.7175e-03 -2.7549e-02  5.3094e-03 -3.4624e-03  1.8825e-02
 -2.6580e-02 -1.9037e-03  4.0401e-03 -6.6571e-03 -1.3340e-02
 -1.5829e-02 -2.8994e-02  3.0048e-02  1.0664e-02 -3.2781e-02

(2 ,1 ,.,.) = 
  1.3520e-02  2.3707e-02  7.3637e-03 -2.1029e-02 -5.8576e-03
  1.2136e-02  3.2041e-02 -1.1238e-02 -2.0112e-02  3.2532e-02
 -6.4713e-04 -2.7674e-02 -1.6809e-02 -2.1092e-02  2.4213e-02
  2.8534e-02 -1.9134e-02  4.8978e-03 -3.2991e-02 -1.2489e-02
 -2.6377e-02 -3.6301e-02 -3.0543e-02 -2.0261e-02 -1.0631e-02

(2 ,2 ,.,.) = 
 -2.4074e-02 -4.5577e-03 -2.1970e-02  1.3517e-02  2.7024e-02
 -2.5207e-02  2.5384e-02  1.8865e-02  1.3163e-02 -1.7860e-02
 -3.0856e-03 -2.7698e-02  2.4131e-02  3.4943e-02 -1.2950e-03
 -1.0562e-03 -1.0653e-02 -1.8502e-02 -1.6866e-02 -1.6393e-02
  2.9034e-02  3.3082e-02 -8.9761e-03  1.8988e-02  4.9601e-04
   ...

(2 ,29,.,.) = 
  2.1024e-02 -3.0395e-02  1.3213e-02  9.8473e-03  1.9118e-03
 -5.3831e-03  3.3526e-02 -2.8186e-02  2.1570e-03 -8.1172e-03
  1.1097e-02  1.3172e-02  2.6817e-03 -2.2949e-02 -2.8496e-02
  2.6984e-02  2.3762e-02  3.0809e-02 -1.5653e-02  3.1638e-02
  3.1014e-02  1.5269e-02 -2.5584e-02 -5.6265e-03  1.3515e-02

(2 ,30,.,.) = 
  1.6236e-02 -1.2590e-02 -1.5991e-02  1.0197e-02 -1.2123e-02
 -1.7855e-02  8.4879e-03 -3.3922e-02  7.7066e-03  1.8912e-02
  2.7775e-02  3.0937e-02 -1.6353e-02  3.4360e-02  1.7823e-02
  5.8986e-03  3.0185e-02  1.4454e-02 -3.4283e-02  2.7479e-02
 -2.6905e-03  1.6237e-02  1.2104e-02 -2.2612e-02  2.5276e-02

(2 ,31,.,.) = 
  1.6108e-02 -2.1364e-02 -7.6419e-03  2.4185e-02  1.7182e-02
 -1.0591e-02  2.5025e-02  2.6738e-02  1.9050e-03 -3.4396e-02
  2.0083e-02 -2.8325e-02 -3.3522e-03  3.3042e-02  3.0746e-02
  8.7427e-03  1.4360e-02 -4.8249e-03  1.5175e-02 -2.2391e-02
 -5.0218e-03  1.1599e-02 -2.0759e-02 -3.1741e-02  1.2868e-02
...   
     ⋮ 

(61,0 ,.,.) = 
 -1.5623e-02 -3.0036e-02 -6.0817e-03  9.5542e-03 -3.0392e-02
 -2.7080e-02 -2.1813e-02  2.8214e-02  2.9448e-02  1.8740e-03
 -2.6217e-02  2.9020e-03 -3.2869e-03 -2.0066e-02  1.3898e-02
  4.5117e-03  1.3519e-02 -2.6374e-02 -2.9605e-02 -1.9465e-02
 -8.5370e-03  1.1006e-02 -3.2864e-02 -3.2016e-02 -8.2448e-03

(61,1 ,.,.) = 
  2.7988e-03 -4.7749e-03  2.2319e-03  1.2045e-02 -2.8282e-02
  1.7298e-02  1.3717e-02  8.2949e-03  2.8436e-02  2.1607e-02
  3.4058e-02  2.7630e-02  2.9108e-02  2.0465e-02 -2.2594e-02
  3.0332e-02  7.8548e-03  5.9416e-03  2.0096e-02  1.2666e-02
  1.4582e-02 -1.5347e-02 -1.2318e-02 -4.8708e-03 -1.6559e-02

(61,2 ,.,.) = 
 -5.4284e-03  4.9282e-03 -1.7269e-02 -3.1491e-02  1.7863e-03
  2.9730e-02  1.9927e-02 -2.1709e-02  5.2847e-03  3.4907e-02
  3.3752e-02  2.8654e-02  1.9008e-02  3.0375e-02  3.1597e-02
 -2.8249e-02  1.6143e-02  1.2003e-02 -1.4948e-02 -3.8066e-03
  1.5674e-02  2.2221e-02 -1.1692e-02  9.9811e-03 -1.8030e-02
   ...

(61,29,.,.) = 
  2.2985e-02  3.0726e-02  2.5461e-02  4.9573e-03 -2.0634e-02
  4.4289e-03  1.4381e-02 -1.7538e-03 -5.9386e-03 -1.2464e-02
  1.7174e-02  1.1724e-02 -8.6608e-04  1.0663e-02 -1.5989e-02
 -1.3788e-02  6.9863e-03  1.2366e-02 -7.5619e-03 -3.8257e-03
  7.4745e-03 -2.4967e-02 -1.8821e-02 -3.4511e-02  1.3217e-02

(61,30,.,.) = 
 -7.2894e-04 -1.7105e-02 -2.5234e-02  2.5368e-02  4.8567e-03
  5.8767e-03 -2.1949e-02  3.0164e-02  3.1868e-02 -5.9557e-03
 -2.9326e-02 -3.1374e-02 -3.1826e-02 -9.3662e-03  2.0341e-02
  2.2131e-04  1.7654e-02 -1.4714e-02 -1.5459e-02 -2.9957e-02
 -1.9306e-03  7.9271e-03 -4.7362e-03 -3.2840e-02  1.1218e-02

(61,31,.,.) = 
  2.5132e-02 -1.0120e-02  4.6900e-03 -2.4262e-02 -3.1346e-02
  9.5518e-03  8.0172e-03  1.7858e-02 -1.8180e-02 -3.3101e-03
 -2.7264e-02 -1.7947e-02 -1.1683e-02 -4.5887e-03  1.4903e-02
  1.5117e-02 -1.8793e-02 -3.1394e-02 -2.1741e-02  1.3947e-02
  2.2203e-02 -2.6265e-02 -1.8569e-02 -3.0787e-02  2.6460e-02
     ⋮ 

(62,0 ,.,.) = 
  4.0058e-03 -1.1585e-03  3.0403e-02  9.5536e-03 -1.1192e-02
 -2.6607e-02  2.3590e-02 -3.0346e-02 -2.7516e-03 -1.4781e-02
  8.0867e-03  2.3719e-02 -2.0961e-02 -1.9430e-03 -2.6907e-02
 -7.1677e-03 -2.5665e-02 -6.5893e-03 -3.2409e-02 -3.4088e-02
 -2.0300e-02 -1.9384e-02 -3.4794e-02 -2.6482e-02  5.1706e-03

(62,1 ,.,.) = 
 -6.9912e-03 -8.2238e-04  2.3723e-02 -2.1602e-02  7.5698e-03
 -2.8920e-02 -1.4172e-02  4.7838e-03 -6.4084e-03 -3.2599e-03
  1.8248e-02  2.9677e-02  8.8059e-03 -4.5084e-03  1.7782e-02
 -1.9601e-02 -9.8397e-03 -2.9123e-02  1.5297e-02 -1.0274e-02
 -7.3088e-03  1.9887e-02  1.3509e-02  1.6278e-02  2.1942e-02

(62,2 ,.,.) = 
  3.0801e-02 -2.5019e-02 -2.2718e-02 -1.8439e-02  9.0453e-04
  8.9218e-04 -3.1507e-02 -3.4451e-02 -2.5749e-02 -2.5361e-03
 -2.9217e-02  2.4619e-02  3.2466e-02 -1.3723e-02  3.2136e-02
 -1.6362e-02 -3.8838e-03 -2.2895e-02  6.3380e-03  2.0249e-02
  9.1637e-03 -2.3314e-02  2.6837e-02 -1.7170e-02  1.8104e-02
   ...

(62,29,.,.) = 
 -1.6657e-02  3.4391e-03  1.5921e-03 -6.8604e-03  1.2657e-02
  1.1297e-02  4.1453e-03 -2.3220e-02  2.7439e-02  7.1692e-03
 -2.0654e-02 -3.2056e-02  3.1706e-03 -2.7586e-02  2.6375e-02
  5.3807e-03  3.5282e-02  1.2267e-02 -1.9624e-02  1.4149e-03
  2.6231e-02 -9.8232e-03 -9.7884e-03  3.0651e-02  2.4949e-03

(62,30,.,.) = 
  2.0220e-02 -1.0035e-02 -6.8674e-03  2.4579e-02  1.9858e-02
 -8.8258e-03  2.8976e-02  8.2547e-03  3.4009e-02 -2.8901e-02
  1.6217e-03  3.0373e-02  2.1288e-02  1.2832e-02  9.6436e-03
 -5.6041e-03 -2.5075e-02 -1.8650e-02  2.3401e-03 -7.7091e-03
 -2.5993e-03 -1.3775e-02  3.6076e-03 -3.4144e-02  2.9974e-03

(62,31,.,.) = 
 -1.3022e-02  1.0277e-02  3.0930e-02 -3.5866e-03 -1.7543e-02
  2.8612e-02 -1.3124e-02  7.3332e-03  7.7393e-03 -3.3466e-03
 -1.5787e-02 -7.2840e-03  3.1850e-02 -1.5630e-02  1.8193e-02
 -3.7863e-03  3.1475e-02 -1.4269e-02  1.0680e-02 -3.5064e-02
  2.8192e-02  5.3501e-03 -8.0508e-03  2.5254e-02  3.2703e-02
     ⋮ 

(63,0 ,.,.) = 
  1.1379e-02 -3.1044e-02 -2.1625e-02 -2.8277e-03 -1.2683e-02
 -1.4316e-02  1.5002e-02 -6.0923e-03  2.5112e-02  5.2166e-03
 -2.2811e-02  4.6805e-03  2.9080e-02  3.3108e-03  1.3703e-02
  3.2101e-02  1.9347e-02 -3.1985e-02 -1.4328e-02  9.5669e-03
 -3.5088e-02  1.2608e-02 -3.5676e-02  1.2189e-02 -1.0889e-03

(63,1 ,.,.) = 
  3.4915e-03  9.9898e-03 -2.8183e-02 -1.4060e-02 -9.8382e-04
  3.1681e-02  4.4612e-03  6.7493e-03 -2.1505e-03 -1.4679e-02
 -3.5673e-02  1.8748e-02 -9.1387e-03 -3.3722e-02 -3.0084e-02
  4.4151e-03 -5.7824e-04 -1.3468e-02 -2.0487e-02 -2.2301e-02
  9.4726e-03  3.1174e-02 -7.5863e-03  3.4105e-02 -8.4744e-03

(63,2 ,.,.) = 
 -1.2760e-03 -2.8341e-02 -1.0202e-02  1.6659e-02 -2.1738e-02
  2.6480e-02  3.0887e-02  2.0037e-02  2.4485e-02  1.6659e-02
  1.7697e-02 -1.5155e-02  3.0621e-02  2.9205e-02  2.8112e-02
  2.5515e-03 -1.8091e-02 -1.4263e-02 -1.6071e-02  2.5081e-02
 -3.1760e-02 -2.6033e-02 -2.6722e-02 -2.8506e-02  9.6228e-03
   ...

(63,29,.,.) = 
  8.6587e-03 -4.5466e-03  8.2780e-03  5.5170e-04  1.1938e-02
 -9.8661e-03 -1.7926e-02 -2.9614e-02 -2.4244e-02  1.4573e-02
 -3.9031e-03  8.5212e-03 -1.5465e-02 -2.9696e-02 -2.1472e-02
  1.4756e-02  1.7509e-02  2.9597e-02  5.5410e-03 -1.8140e-04
  8.0090e-03 -5.4322e-03  1.9305e-03  1.2953e-02  3.0721e-02

(63,30,.,.) = 
 -8.9734e-04  1.6571e-02  2.8422e-02 -2.5422e-02  3.3458e-03
  4.6043e-04 -2.9381e-02 -2.7223e-02  1.0669e-02  2.7362e-02
  3.0092e-02 -2.2887e-02  1.9776e-02 -4.0113e-03 -2.5464e-02
 -4.6987e-03 -1.1801e-02 -2.9846e-02  1.5630e-02 -3.6012e-03
 -2.4999e-02  7.9026e-03 -1.1737e-02 -3.6729e-03 -3.0793e-02

(63,31,.,.) = 
  2.7808e-02 -2.6806e-02  2.4918e-02  3.1738e-02 -2.0601e-02
  1.0039e-02 -1.9048e-03  3.4065e-02 -8.2846e-03 -1.9598e-02
 -1.5321e-02 -2.9642e-02  2.6725e-02 -2.4755e-02  3.3189e-02
 -3.0085e-02 -4.6847e-04  2.4969e-03 -3.4481e-02 -2.5435e-02
 -2.6815e-02 -3.9746e-03 -2.5630e-03  1.7440e-02 -2.6082e-03
[torch.FloatTensor of size 64x32x5x5]
), ('layer2.0.bias', 
1.00000e-02 *
 -0.5075
 -1.8356
  1.1242
 -2.0707
 -1.9387
  0.7220
 -1.1063
  0.6195
  2.9196
 -2.7714
 -0.3003
 -1.1372
 -1.2831
  0.6929
 -2.1900
  1.8227
 -0.5801
  0.0871
 -0.2868
 -3.3511
 -2.0312
 -2.3658
  2.5635
 -0.0317
  0.4135
 -0.8223
  3.0290
  0.5319
  3.3111
 -3.2409
  3.1719
 -3.1952
 -1.9350
  1.2926
 -3.6079
  3.1455
 -0.2835
 -2.9171
  3.1370
 -0.7720
  0.7234
  1.6173
  0.1596
 -1.1644
 -0.9277
  2.5329
 -1.5364
  1.0553
  0.4017
 -1.9793
  2.6871
 -3.3481
 -3.5901
  3.0624
 -0.4149
 -2.7829
 -1.3888
  1.8409
 -0.7010
  1.2959
 -3.3784
  2.1560
  0.0197
 -1.5149
[torch.FloatTensor of size 64]
), ('layer3.0.weight', 
-1.3336e-02  1.0291e-02 -7.3791e-03  ...   4.9187e-03  1.1759e-02  1.5279e-02
-1.6328e-02  4.8414e-04  3.2742e-03  ...   3.0131e-03 -1.5350e-02 -9.0292e-03
 1.6037e-02  2.5520e-03 -4.2929e-04  ...   7.4652e-03 -1.5707e-02 -1.2619e-02
                ...                   ⋱                   ...                
 9.2289e-04  9.0553e-03  5.9463e-03  ...   9.3287e-03 -5.1712e-03 -1.0249e-02
-2.4572e-03  7.0276e-05  8.5329e-03  ...  -1.7599e-02  1.1999e-02 -9.6142e-03
-1.4871e-03 -1.4976e-02  3.4403e-03  ...   1.8381e-02  1.2989e-02  7.9908e-05
[torch.FloatTensor of size 2048x3136]
), ('layer3.0.bias', 
1.00000e-02 *
 -0.4423
 -0.3368
 -0.9280
    ⋮   
  0.0217
 -0.1203
  0.2734
[torch.FloatTensor of size 2048]
), ('layer3_1.0.weight', 
 1.2121e-02 -2.9884e-03  1.3393e-02  ...   2.2244e-04  4.5530e-03  9.9077e-03
 2.0775e-02 -2.0154e-02 -1.3742e-02  ...  -4.1060e-03 -6.9695e-03 -1.3662e-02
-1.4061e-02 -8.1836e-03 -1.0838e-04  ...  -1.6788e-02 -3.7787e-03  9.8364e-03
                ...                   ⋱                   ...                
 1.1150e-02 -2.2864e-02 -2.2102e-02  ...   2.1139e-02 -1.0208e-02 -1.2147e-02
 1.8483e-02 -1.4425e-02 -2.0501e-02  ...  -2.5442e-03  6.2738e-03  1.6541e-02
 2.1538e-02 -3.9515e-03  1.2090e-03  ...   5.7093e-03  2.1257e-02 -8.7496e-03
[torch.FloatTensor of size 27x2048]
), ('layer3_1.0.bias', 
1.00000e-02 *
 -1.6570
 -2.0472
  1.9428
 -1.9331
 -0.1523
  0.2482
 -1.8149
  1.3679
 -0.9411
  0.8134
  1.7418
 -0.5682
  0.2082
  0.3970
 -1.3944
  0.3828
  2.2520
  1.3376
 -1.5525
  1.1668
 -1.2666
  0.8296
  1.4549
 -2.0151
  0.5705
  2.2819
  0.0956
[torch.FloatTensor of size 27]
)]), 'optimizer': {'state': {4428164944: {'exp_avg_sq': 
1.00000e-08 *
  0.0167
  0.0294
  0.0169
  2.1925
  1.1285
  0.1563
  0.7849
  0.3658
  0.8902
  0.0182
  0.2041
  0.9208
  0.0429
  3.8799
  3.8011
  0.4235
  0.0331
  1.4514
  7.1326
  0.0330
  0.1068
  1.3940
  4.3462
  3.1305
  0.1643
  0.1190
  3.2278
  0.0277
  0.3676
  0.0009
  3.1062
  1.0914
  1.0104
  0.0024
  0.2059
  1.1489
  0.1396
  0.5556
  0.0201
  0.0003
  0.2929
  0.5529
  0.4575
  0.0104
  4.4544
  2.0738
  2.9723
  1.7254
  0.3850
  0.0077
  2.0630
  1.3120
  0.8001
  0.5132
  0.4359
  3.1985
  1.1645
  0.4665
  0.6555
  0.0153
  2.9395
  0.0111
  4.2606
  0.0244
[torch.FloatTensor of size 64]
, 'step': 1, 'exp_avg': 
1.00000e-04 *
  0.4092
 -0.5418
 -0.4109
  4.6824
  3.3593
 -1.2503
 -2.8016
 -1.9127
 -2.9835
  0.4269
  1.4288
  3.0344
 -0.6547
 -6.2289
 -6.1653
 -2.0580
  0.5751
 -3.8097
 -8.4455
  0.5747
 -1.0335
 -3.7336
  6.5926
  5.5951
  1.2818
 -1.0909
  5.6814
  0.5259
 -1.9172
  0.0943
  5.5733
  3.3036
 -3.1786
 -0.1542
  1.4348
  3.3895
 -1.1816
 -2.3571
 -0.4488
  0.0576
 -1.7114
  2.3514
 -2.1390
 -0.3229
 -6.6741
  4.5539
  5.4519
  4.1538
  1.9621
  0.2781
 -4.5420
 -3.6222
  2.8286
  2.2653
  2.0878
  5.6555
 -3.4125
  2.1599
  2.5603
 -0.3911
  5.4217
  0.3332
  6.5273
  0.4944
[torch.FloatTensor of size 64]
}, 4428165040: {'exp_avg_sq': 
1.00000e-08 *
 0.0000  0.0002  0.0025  ...   0.0000  0.0000  0.0001
 0.0002  0.0076  0.0006  ...   0.0000  0.0004  0.0000
 0.0000  0.0000  0.0004  ...   0.0000  0.0000  0.0000
          ...             ⋱             ...          
 0.0000  0.0000  0.0000  ...   0.0000  0.0000  0.0000
 0.0023  0.0113  0.0014  ...   0.0000  0.0000  0.0000
 0.0020  0.0159  0.0008  ...   0.0000  0.0000  0.0001
[torch.FloatTensor of size 2048x3136]
, 'step': 1, 'exp_avg': 
1.00000e-04 *
 0.0006 -0.0463  0.1593  ...  -0.0044 -0.0107 -0.0325
 0.0451 -0.2755 -0.0785  ...  -0.0047  0.0597  0.0208
 0.0000  0.0098  0.0596  ...   0.0000  0.0000  0.0000
          ...             ⋱             ...          
 0.0000  0.0000  0.0000  ...   0.0000  0.0000  0.0000
 0.1527  0.3358  0.1169  ...   0.0042  0.0066 -0.0149
 0.1413  0.3983  0.0901  ...  -0.0031 -0.0155  0.0261
[torch.FloatTensor of size 2048x3136]
}, 4428935248: {'exp_avg_sq': 
1.00000e-08 *
  0.0140
  0.1113
  0.0127
    ⋮   
  0.0000
  0.6737
  0.9037
[torch.FloatTensor of size 2048]
, 'step': 1, 'exp_avg': 
1.00000e-04 *
  0.3735
 -1.0549
  0.3559
    ⋮   
  0.0000
  2.5956
  3.0061
[torch.FloatTensor of size 2048]
}, 4428935344: {'exp_avg_sq': 
1.00000e-06 *
 0.0009  0.0030  0.0000  ...   0.0000  0.0393  0.0014
 0.0018  0.0050  0.0000  ...   0.0000  0.6610  0.0886
 0.0008  0.0034  0.0000  ...   0.0000  0.0006  0.0015
          ...             ⋱             ...          
 0.0003  0.0036  0.0000  ...   0.0000  0.0079  0.0015
 0.0009  0.0022  0.0000  ...   0.0000  0.0454  0.0016
 0.0156  0.0001  0.0000  ...   0.0000  0.0575  0.0080
[torch.FloatTensor of size 27x2048]
, 'step': 1, 'exp_avg': 
1.00000e-03 *
 0.0951  0.1739  0.0015  ...   0.0000  0.6271  0.1169
-0.1326 -0.2246  0.0017  ...   0.0000 -2.5711 -0.9411
 0.0911  0.1857  0.0016  ...   0.0000  0.0778  0.1206
          ...             ⋱             ...          
 0.0591  0.1902  0.0017  ...   0.0000  0.2803  0.1235
 0.0947  0.1496  0.0016  ...   0.0000 -0.6741  0.1248
-0.3952 -0.0249  0.0018  ...   0.0000 -0.7584 -0.2826
[torch.FloatTensor of size 27x2048]
}, 4428935440: {'exp_avg_sq': 
1.00000e-06 *
  1.1324
  1.7522
  0.3716
  1.6149
  0.0582
  0.4077
  0.0330
  0.0204
  0.1387
  0.6057
  0.3847
  0.1331
  0.0382
  0.0461
  0.0821
  0.8918
  0.4448
  0.0151
  0.0405
  0.5785
  0.0208
  1.4146
  0.0646
  0.0321
  0.0245
  0.7365
  0.6525
[torch.FloatTensor of size 27]
, 'step': 1, 'exp_avg': 
1.00000e-03 *
  3.3650
 -4.1859
  1.9276
  4.0185
 -0.7632
  2.0191
  0.5748
  0.4521
 -1.1777
 -2.4610
  1.9613
 -1.1536
 -0.6179
  0.6786
 -0.9064
 -2.9864
 -2.1090
  0.3881
 -0.6367
  2.4052
  0.4560
  3.7611
 -0.8034
  0.5668
  0.4950
 -2.7139
 -2.5543
[torch.FloatTensor of size 27]
}, 4428164752: {'exp_avg_sq': 
 6.5207e-09
 1.5628e-09
 2.9812e-08
 1.7304e-09
 8.0684e-10
 2.2026e-09
 5.5613e-10
 7.2093e-11
 1.8354e-08
 1.7149e-09
 2.7986e-09
 6.9116e-09
 5.6240e-09
 1.5208e-09
 2.6529e-10
 1.4061e-09
 6.5719e-09
 4.3885e-13
 2.4054e-08
 7.6783e-10
 4.3049e-10
 1.1421e-08
 1.1571e-09
 4.1901e-09
 1.2723e-08
 2.4486e-09
 1.2327e-08
 4.6954e-09
 4.0214e-09
 5.0048e-13
 1.2024e-09
 3.0867e-09
[torch.FloatTensor of size 32]
, 'step': 1, 'exp_avg': 
1.00000e-04 *
  2.5536
  1.2501
  5.4601
 -1.3155
  0.8982
  1.4841
  0.7457
 -0.2685
 -4.2842
 -1.3095
  1.6729
 -2.6290
  2.3715
 -1.2332
  0.5151
 -1.1858
  2.5636
 -0.0209
  4.9045
 -0.8763
 -0.6561
  3.3796
  1.0757
  2.0470
 -3.5669
  1.5648
  3.5109
  2.1669
 -2.0054
 -0.0224
 -1.0966
  1.7569
[torch.FloatTensor of size 32]
}, 4428164656: {'exp_avg_sq': 
(0 ,0 ,.,.) = 
  2.1758e-10  4.9120e-09  3.6384e-08  2.4957e-08  1.8149e-09
  1.8874e-10  1.4607e-09  1.1233e-08  3.7772e-09  1.4778e-10
  5.5303e-10  5.5243e-09  1.1893e-08  2.6431e-09  6.2663e-10
  2.0598e-08  1.0607e-08  8.2282e-09  2.0029e-09  4.9737e-10
  1.1422e-08  9.3512e-10  1.1755e-09  2.0201e-09  2.6978e-11

(1 ,0 ,.,.) = 
  9.4517e-10  6.7785e-09  4.9042e-09  1.2636e-08  3.2545e-08
  5.4944e-09  2.6402e-08  2.5360e-08  2.7295e-08  3.7327e-08
  3.8585e-08  6.4553e-08  6.2488e-08  4.9686e-08  3.6767e-08
  7.1517e-08  7.5563e-08  8.2228e-08  4.4645e-08  1.1049e-08
  9.9455e-08  9.5584e-08  8.4206e-08  4.1443e-08  9.9904e-09

(2 ,0 ,.,.) = 
  1.9505e-09  9.2202e-10  1.6575e-10  9.6796e-10  4.5987e-10
  8.0803e-10  5.0636e-10  1.5964e-09  9.2852e-13  1.9061e-09
  3.1578e-10  1.1932e-09  1.5296e-09  3.1108e-09  1.2585e-08
  1.8872e-09  6.3955e-10  5.9433e-10  1.0051e-08  2.2676e-08
  7.0590e-09  4.6608e-09  5.0046e-10  1.0118e-08  3.8650e-08

(3 ,0 ,.,.) = 
  1.1845e-08  4.9758e-09  5.0594e-09  5.7976e-09  4.8117e-09
  8.4313e-09  8.0885e-09  1.3016e-08  6.7507e-09  4.0189e-09
  8.5639e-09  7.2919e-09  6.8508e-09  1.4485e-09  5.6442e-10
  8.6622e-09  1.2733e-08  9.1402e-09  1.0824e-09  2.0056e-10
  1.1704e-09  9.6902e-09  5.1973e-09  5.3215e-10  8.8995e-11

(4 ,0 ,.,.) = 
  3.7764e-12  9.5733e-11  4.7770e-10  5.3013e-11  1.2520e-10
  1.2309e-10  2.4503e-10  1.6641e-09  7.4646e-10  2.6974e-10
  5.2451e-10  2.5440e-10  2.5107e-09  3.5392e-10  5.5050e-11
  2.2293e-09  1.4630e-10  8.8789e-10  4.3112e-11  1.1282e-09
  2.9983e-10  5.9579e-12  2.5907e-11  4.2300e-09  9.4219e-10

(5 ,0 ,.,.) = 
  3.1572e-08  3.3883e-08  5.2769e-08  4.3351e-08  2.7691e-08
  2.0782e-08  1.2179e-08  1.4355e-08  1.0968e-08  1.5415e-08
  1.2732e-08  4.0455e-09  1.0273e-09  1.5756e-09  9.0565e-09
  2.1564e-08  1.0233e-08  1.5096e-09  1.3387e-09  3.5757e-09
  1.2826e-08  4.3478e-09  1.9867e-10  8.4024e-10  1.1998e-10

(6 ,0 ,.,.) = 
  6.3036e-09  1.9042e-09  3.0929e-12  9.3337e-09  9.7115e-09
  2.7648e-09  3.9768e-09  2.9917e-09  2.1889e-10  5.7376e-09
  2.2702e-09  1.2394e-08  1.9733e-08  2.2345e-09  2.3934e-09
  3.0267e-09  1.1506e-08  2.7308e-08  9.0149e-09  5.2618e-10
  2.1314e-09  1.4554e-08  2.5484e-08  9.0850e-09  3.1435e-09

(7 ,0 ,.,.) = 
  2.9997e-09  1.2539e-09  3.7183e-11  4.1115e-10  6.5234e-11
  1.0685e-08  3.4354e-09  2.5030e-11  1.5419e-09  3.4448e-09
  1.4296e-08  5.5549e-09  3.2753e-13  3.7450e-09  4.3435e-09
  1.9019e-09  4.9779e-10  4.2157e-10  8.6259e-10  1.7445e-10
  4.2871e-10  3.8565e-13  1.7781e-09  1.4273e-10  2.7575e-10

(8 ,0 ,.,.) = 
  1.1831e-08  9.1766e-09  5.0572e-09  4.8525e-10  5.2004e-09
  2.4299e-08  1.0877e-08  6.3670e-09  1.9654e-11  3.1146e-12
  3.7933e-08  2.7326e-08  1.8889e-08  1.1794e-08  8.0786e-09
  4.2448e-08  4.4059e-08  4.0561e-08  5.2224e-08  2.4409e-08
  3.2125e-08  3.2772e-08  3.0259e-08  2.5583e-08  2.2168e-08

(9 ,0 ,.,.) = 
  3.7853e-09  7.9893e-09  4.8242e-09  7.3914e-10  1.2577e-09
  6.4957e-09  1.0666e-08  3.5288e-09  1.2300e-10  3.7076e-09
  6.1626e-09  1.4184e-09  4.4055e-10  8.9802e-11  3.5538e-09
  1.9220e-09  6.8790e-10  2.0316e-10  1.4195e-10  1.4572e-09
  2.0975e-09  5.5747e-10  1.3919e-10  1.1685e-10  1.0537e-10

(10,0 ,.,.) = 
  2.7987e-09  1.2699e-11  6.1375e-10  5.1346e-09  3.9318e-09
  2.7153e-09  2.7809e-10  5.9058e-10  8.2289e-09  2.3856e-10
  3.6596e-09  3.9034e-10  5.7096e-11  5.9028e-12  3.2858e-09
  9.5942e-12  1.6672e-11  1.7275e-10  4.9904e-10  7.1283e-09
  1.9820e-09  4.7823e-10  1.1699e-10  1.9372e-10  3.3271e-10

(11,0 ,.,.) = 
  2.7824e-09  9.8455e-09  1.3034e-08  5.6469e-09  6.4347e-09
  4.3051e-09  3.6786e-09  5.4801e-10  3.7038e-10  1.4050e-10
  7.0595e-11  5.6331e-17  1.3281e-09  3.1870e-09  6.9949e-13
  1.5657e-09  3.0123e-10  1.0900e-10  1.0805e-09  3.5021e-10
  1.5537e-09  5.6286e-10  2.9097e-10  1.1044e-09  1.2385e-10

(12,0 ,.,.) = 
  3.8248e-12  4.6219e-12  2.8390e-10  9.0621e-10  3.4068e-10
  2.6980e-09  1.7545e-09  5.1224e-09  8.7056e-09  2.5615e-09
  3.5156e-10  1.8701e-10  8.4899e-09  2.4790e-08  1.3680e-08
  2.4675e-09  5.6569e-09  2.0200e-08  3.0623e-08  2.1198e-08
  1.4562e-08  1.4711e-08  2.2283e-08  2.6685e-08  2.2992e-08

(13,0 ,.,.) = 
  1.3243e-08  5.5917e-09  1.6614e-09  4.6643e-10  1.9739e-09
  5.5183e-09  1.2693e-09  1.5179e-10  8.5660e-10  2.4381e-09
  5.7496e-10  4.0245e-10  4.6354e-10  5.2483e-10  2.2843e-09
  6.2281e-10  1.1510e-09  9.0191e-11  3.8030e-10  2.0556e-09
  1.5183e-09  5.9605e-11  1.9346e-10  2.4377e-09  6.8189e-09

(14,0 ,.,.) = 
  5.0074e-09  3.7110e-09  1.4492e-12  1.7499e-09  4.2195e-09
  9.4528e-09  3.6430e-09  2.3043e-10  2.9268e-12  2.2705e-09
  5.0337e-09  6.2276e-11  9.3089e-11  2.1671e-11  1.5842e-09
  1.4216e-09  3.0445e-12  9.1259e-10  1.8480e-09  1.5098e-09
  2.9023e-09  5.8616e-11  8.2327e-10  6.1024e-10  5.0241e-11

(15,0 ,.,.) = 
  1.4483e-08  1.2449e-08  1.3623e-08  2.5580e-08  4.8312e-08
  1.3319e-08  2.5970e-08  3.0672e-08  3.4384e-08  4.9780e-08
  5.6790e-09  9.7593e-09  6.4524e-09  1.5491e-09  6.7545e-09
  9.8218e-10  3.9811e-09  1.7901e-08  2.6274e-08  1.2169e-08
  2.7389e-08  2.9727e-08  4.4328e-08  3.7261e-08  1.3858e-08

(16,0 ,.,.) = 
  1.4423e-08  8.9595e-09  6.4967e-09  1.3395e-08  1.9799e-08
  4.6657e-09  2.7573e-09  1.0894e-09  7.4337e-09  8.2260e-09
  4.8773e-11  7.8510e-10  1.2120e-11  2.2359e-09  3.7122e-09
  1.5946e-10  6.6084e-10  6.0047e-10  2.4120e-09  6.9015e-10
  3.1471e-09  3.5794e-09  1.1594e-11  9.1299e-10  1.2492e-10

(17,0 ,.,.) = 
  1.1305e-10  8.0435e-13  5.7529e-10  8.1429e-11  6.9687e-09
  2.9000e-09  1.8283e-09  1.4538e-12  4.1517e-11  6.0154e-09
  6.9044e-09  5.9463e-09  2.2302e-10  6.1551e-11  1.9892e-09
  8.9239e-09  6.0664e-09  1.3131e-09  6.4138e-10  2.7198e-10
  2.8966e-09  7.4662e-09  2.5998e-09  3.7525e-10  1.7755e-09

(18,0 ,.,.) = 
  3.6338e-09  3.7024e-13  4.5087e-09  1.3157e-08  9.9388e-09
  1.6036e-08  1.7045e-08  1.0135e-09  2.4638e-09  1.6849e-08
  2.5406e-08  1.9816e-08  1.8059e-09  3.9454e-09  3.5170e-08
  9.3223e-09  1.4316e-09  2.8492e-11  1.5734e-08  6.6136e-08
  2.6397e-10  9.1106e-10  7.8584e-09  5.2124e-08  1.1388e-07

(19,0 ,.,.) = 
  9.5403e-09  7.5472e-09  1.0925e-09  4.8222e-14  1.8420e-09
  5.2509e-09  4.9319e-09  6.2143e-12  6.3538e-09  1.4983e-08
  6.7043e-10  8.8223e-11  3.1696e-09  5.7555e-09  6.8634e-09
  1.0321e-09  9.7437e-11  4.3257e-09  3.1588e-09  1.6331e-09
  1.4719e-11  2.0715e-09  8.0730e-09  4.8968e-10  5.1884e-09

(20,0 ,.,.) = 
  1.1736e-08  8.7106e-12  4.5555e-09  1.7449e-09  8.4796e-10
  7.0433e-09  3.5409e-09  1.5238e-08  1.3527e-08  6.4482e-09
  4.4605e-11  2.1149e-08  2.6962e-08  1.6948e-08  6.4435e-09
  3.5772e-09  1.7341e-08  1.5537e-08  3.0274e-09  5.9979e-09
  8.4089e-09  9.1024e-09  4.4947e-09  5.2699e-09  1.5780e-08

(21,0 ,.,.) = 
  2.0503e-08  1.5342e-08  7.8161e-09  1.5917e-08  2.3900e-08
  5.0109e-09  7.8000e-10  1.5725e-10  6.5786e-09  1.6381e-08
  7.3153e-11  3.4857e-10  8.3424e-10  2.6515e-10  2.7688e-10
  2.9890e-11  3.4423e-09  2.5568e-09  4.9017e-09  9.0229e-10
  7.7490e-09  2.4826e-08  3.7081e-08  3.9657e-08  1.3131e-08

(22,0 ,.,.) = 
  2.4631e-11  1.1638e-09  3.8510e-10  4.9136e-10  1.3993e-09
  1.0821e-09  3.5761e-09  1.8600e-09  1.8864e-09  8.2546e-09
  3.2271e-11  1.8606e-10  1.9341e-11  2.7887e-09  9.8606e-09
  2.4713e-09  1.1923e-08  5.3710e-09  1.0663e-08  1.1936e-08
  9.4774e-12  4.0068e-09  3.8777e-09  6.5289e-09  4.4140e-09

(23,0 ,.,.) = 
  2.6166e-09  1.4861e-09  4.3541e-10  3.4713e-09  2.6519e-09
  3.2812e-09  1.5859e-09  1.1989e-09  5.4996e-09  9.7012e-10
  3.7255e-09  4.4288e-09  2.9673e-09  2.3425e-09  1.5268e-12
  3.8791e-09  5.1422e-09  1.7216e-09  2.7533e-10  1.7740e-10
  4.4539e-09  3.4236e-09  5.0356e-10  3.2364e-12  3.5246e-11

(24,0 ,.,.) = 
  1.6461e-08  8.3724e-09  1.7636e-08  4.1194e-08  3.1352e-08
  2.0168e-08  1.0538e-08  6.6748e-09  1.3512e-09  1.6537e-09
  1.0618e-09  1.6555e-09  3.6944e-10  9.6588e-09  1.1018e-08
  3.8665e-10  6.2779e-11  2.6604e-10  8.1118e-11  1.1216e-09
  1.7872e-09  6.2746e-10  1.2188e-11  4.4373e-11  8.6012e-11

(25,0 ,.,.) = 
  4.7750e-12  5.0559e-11  8.6940e-10  1.6847e-09  6.9044e-10
  8.5523e-10  1.1650e-09  1.1934e-09  2.9480e-09  1.1797e-09
  4.9719e-11  1.0635e-11  2.8027e-10  2.5101e-10  6.3840e-10
  5.8317e-10  2.5867e-09  6.8775e-11  2.8106e-11  5.4195e-11
  3.4575e-10  1.4367e-09  4.5977e-10  6.6546e-11  2.0814e-10

(26,0 ,.,.) = 
  6.8992e-09  2.5861e-09  1.8179e-09  6.3056e-09  5.4661e-09
  6.1084e-09  9.0685e-10  7.1157e-11  7.6676e-09  1.3958e-08
  3.4155e-09  2.9626e-10  4.9767e-11  1.2262e-09  3.9647e-09
  2.4896e-09  4.1664e-10  3.2991e-09  4.2808e-09  4.4625e-09
  1.2037e-11  7.2239e-10  1.0804e-08  1.8009e-08  1.4318e-08

(27,0 ,.,.) = 
  8.2192e-11  7.9263e-10  3.7060e-12  3.0757e-12  2.9513e-09
  3.6538e-09  7.3084e-11  4.4601e-09  4.0469e-09  1.2395e-08
  3.9190e-09  8.5925e-11  5.6584e-10  4.2258e-10  2.0011e-09
  6.1954e-09  6.3394e-09  1.7417e-09  7.5897e-10  8.2569e-10
  5.2914e-10  3.3257e-10  1.6714e-09  6.8712e-09  7.7016e-09

(28,0 ,.,.) = 
  3.1884e-09  2.4622e-11  1.7164e-10  3.8087e-09  3.1070e-09
  1.2654e-08  3.3485e-09  5.4264e-10  6.0786e-10  9.3369e-10
  1.1234e-08  1.2690e-09  1.1554e-10  1.3811e-09  3.2433e-09
  2.2393e-08  7.3440e-09  2.4188e-11  4.9863e-09  9.2121e-09
  2.3817e-08  1.3163e-08  2.4467e-11  3.8116e-09  6.1057e-09

(29,0 ,.,.) = 
  8.5542e-09  1.0144e-11  6.2726e-09  6.2026e-09  2.6223e-10
  5.8587e-09  9.6704e-11  6.6846e-12  6.5435e-10  2.4916e-10
  4.7693e-10  1.2507e-09  3.6546e-10  1.0928e-09  1.9810e-11
  3.8851e-09  9.1668e-09  9.7345e-10  2.0960e-09  4.3612e-10
  2.9430e-09  2.2815e-09  1.4473e-09  3.7428e-09  5.1146e-10

(30,0 ,.,.) = 
  1.8694e-09  2.6242e-10  1.7821e-10  8.1422e-12  2.8162e-12
  3.2936e-10  9.4559e-10  6.4006e-11  9.1008e-10  2.1232e-10
  1.4239e-09  1.8878e-10  5.0274e-10  7.9485e-12  1.1442e-08
  5.9552e-09  1.5314e-10  1.3442e-10  2.2897e-09  3.0433e-08
  5.1381e-10  2.1445e-10  9.3625e-10  1.6254e-09  1.2491e-08

(31,0 ,.,.) = 
  2.5057e-10  7.8784e-11  2.1268e-09  3.0400e-10  1.4951e-09
  3.6551e-11  9.7021e-10  4.4992e-09  2.2147e-09  3.6788e-09
  2.6251e-11  3.1921e-09  5.7040e-09  4.0829e-09  2.5459e-09
  6.5215e-09  6.7714e-09  1.9296e-09  3.6336e-12  6.5912e-10
  3.0535e-08  1.1371e-08  6.8010e-13  2.5499e-09  1.1362e-09
[torch.FloatTensor of size 32x1x5x5]
, 'step': 1, 'exp_avg': 
(0 ,0 ,.,.) = 
  4.6646e-05  2.2163e-04  6.0319e-04  4.9957e-04  1.3472e-04
 -4.3444e-05  1.2086e-04  3.3515e-04  1.9435e-04  3.8442e-05
  7.4366e-05  2.3504e-04  3.4486e-04  1.6258e-04  7.9160e-05
  4.5385e-04  3.2568e-04  2.8685e-04  1.4152e-04  7.0525e-05
  3.3796e-04  9.6702e-05  1.0842e-04  1.4213e-04  1.6425e-05

(1 ,0 ,.,.) = 
  9.7220e-05  2.6036e-04  2.2146e-04  3.5547e-04  5.7048e-04
  2.3440e-04  5.1383e-04  5.0359e-04  5.2245e-04  6.1096e-04
  6.2117e-04  8.0345e-04  7.9049e-04  7.0489e-04  6.0636e-04
  8.4568e-04  8.6927e-04  9.0680e-04  6.6817e-04  3.3241e-04
  9.9727e-04  9.7767e-04  9.1764e-04  6.4376e-04  3.1608e-04

(2 ,0 ,.,.) = 
  1.3966e-04  9.6022e-05  4.0712e-05  9.8385e-05  6.7814e-05
  8.9891e-05 -7.1159e-05 -1.2635e-04 -3.0472e-06  1.3806e-04
 -5.6194e-05 -1.0923e-04 -1.2368e-04  1.7637e-04  3.5475e-04
 -1.3738e-04 -7.9972e-05  7.7093e-05  3.1703e-04  4.7620e-04
 -2.6569e-04 -2.1589e-04  7.0743e-05  3.1809e-04  6.2169e-04

(3 ,0 ,.,.) = 
  3.4417e-04  2.2307e-04  2.2493e-04  2.4078e-04  2.1936e-04
  2.9037e-04  2.8440e-04  3.6078e-04  2.5982e-04  2.0047e-04
  2.9264e-04  2.7003e-04  2.6174e-04  1.2035e-04  7.5128e-05
  2.9432e-04  3.5684e-04  3.0233e-04  1.0404e-04  4.4784e-05
  1.0819e-04  3.1129e-04  2.2798e-04  7.2948e-05 -2.9832e-05

(4 ,0 ,.,.) = 
  6.1453e-06 -3.0941e-05  6.9116e-05  2.3025e-05 -3.5384e-05
  3.5084e-05 -4.9501e-05 -1.2900e-04 -8.6398e-05 -5.1936e-05
  7.2423e-05 -5.0438e-05 -1.5845e-04 -5.9491e-05  2.3463e-05
  1.4931e-04 -3.8249e-05 -9.4228e-05  2.0763e-05  1.0622e-04
  5.4757e-05 -7.7188e-06 -1.6096e-05  2.0567e-04  9.7067e-05

(5 ,0 ,.,.) = 
 -5.6189e-04 -5.8209e-04 -7.2643e-04 -6.5841e-04 -5.2622e-04
 -4.5588e-04 -3.4899e-04 -3.7888e-04 -3.3117e-04 -3.9261e-04
 -3.5682e-04 -2.0114e-04 -1.0136e-04 -1.2552e-04 -3.0094e-04
 -4.6438e-04 -3.1989e-04 -1.2287e-04 -1.1570e-04 -1.8910e-04
 -3.5814e-04 -2.0851e-04 -4.4573e-05  9.1664e-05 -3.4639e-05

(6 ,0 ,.,.) = 
  2.5107e-04  1.3799e-04  5.5614e-06 -3.0551e-04 -3.1163e-04
  1.6628e-04  1.9942e-04  1.7297e-04 -4.6786e-05 -2.3953e-04
  1.5067e-04  3.5206e-04  4.4422e-04  1.4948e-04 -1.5470e-04
  1.7398e-04  3.3921e-04  5.2257e-04  3.0025e-04  7.2538e-05
  1.4599e-04  3.8149e-04  5.0482e-04  3.0141e-04  1.7730e-04

(7 ,0 ,.,.) = 
  1.7320e-04  1.1198e-04  1.9283e-05 -6.4121e-05 -2.5541e-05
  3.2688e-04  1.8535e-04  1.5821e-05 -1.2417e-04 -1.8560e-04
  3.7810e-04  2.3569e-04 -1.8098e-06 -1.9352e-04 -2.0841e-04
  1.3791e-04  7.0554e-05  6.4928e-05 -9.2876e-05 -4.1767e-05
 -6.5476e-05 -1.9638e-06  1.3334e-04  3.7780e-05  5.2512e-05

(8 ,0 ,.,.) = 
 -3.4396e-04 -3.0293e-04 -2.2488e-04  6.9660e-05  2.2804e-04
 -4.9294e-04 -3.2981e-04 -2.5233e-04 -1.4019e-05 -5.5808e-06
 -6.1590e-04 -5.2274e-04 -4.3461e-04 -3.4342e-04 -2.8423e-04
 -6.5152e-04 -6.6377e-04 -6.3688e-04 -7.2266e-04 -4.9405e-04
 -5.6679e-04 -5.7247e-04 -5.5008e-04 -5.0580e-04 -4.7083e-04

(9 ,0 ,.,.) = 
  1.9456e-04  2.8265e-04  2.1964e-04  8.5973e-05 -1.1215e-04
  2.5487e-04  3.2658e-04  1.8785e-04  3.5072e-05 -1.9255e-04
  2.4824e-04  1.1910e-04  6.6374e-05  2.9967e-05 -1.8852e-04
  1.3864e-04  8.2940e-05  4.5074e-05  3.7677e-05 -1.2072e-04
  1.4483e-04  7.4664e-05  3.7308e-05  3.4183e-05 -3.2461e-05

(10,0 ,.,.) = 
  1.6729e-04  1.1269e-05 -7.8342e-05 -2.2660e-04 -1.9829e-04
  1.6478e-04 -5.2734e-05 -7.6849e-05 -2.8686e-04 -4.8843e-05
  1.9130e-04  6.2477e-05  2.3895e-05 -7.6830e-06  1.8127e-04
  9.7950e-06  1.2912e-05  4.1563e-05  7.0642e-05  2.6699e-04
 -1.4078e-04 -6.9154e-05 -3.4203e-05 -4.4014e-05  5.7681e-05

(11,0 ,.,.) = 
 -1.6681e-04 -3.1378e-04 -3.6102e-04 -2.3763e-04 -2.5367e-04
 -2.0749e-04 -1.9180e-04 -7.4028e-05  6.0859e-05 -3.7483e-05
 -2.6570e-05  2.3734e-08  1.1524e-04  1.7852e-04 -2.6448e-06
  1.2513e-04  5.4884e-05  3.3015e-05  1.0395e-04  5.9178e-05
  1.2465e-04  7.5024e-05  5.3942e-05  1.0509e-04  3.5192e-05

(12,0 ,.,.) = 
 -6.1845e-06 -6.7984e-06 -5.3282e-05 -9.5195e-05 -5.8368e-05
 -1.6426e-04 -1.3246e-04 -2.2633e-04 -2.9505e-04 -1.6005e-04
 -5.9292e-05 -4.3244e-05 -2.9137e-04 -4.9790e-04 -3.6986e-04
 -1.5708e-04 -2.3784e-04 -4.4945e-04 -5.5338e-04 -4.6041e-04
 -3.8161e-04 -3.8355e-04 -4.7205e-04 -5.1658e-04 -4.7950e-04

(13,0 ,.,.) = 
 -3.6392e-04 -2.3647e-04 -1.2890e-04  6.8296e-05 -1.4049e-04
 -2.3491e-04 -1.1266e-04  3.8961e-05  9.2553e-05 -1.5614e-04
 -7.5826e-05 -6.3439e-05  6.8084e-05  7.2445e-05 -1.5114e-04
 -7.8918e-05 -1.0728e-04  3.0032e-05  6.1669e-05 -1.4337e-04
 -1.2322e-04 -2.4414e-05 -4.3984e-05 -1.5613e-04 -2.6113e-04

(14,0 ,.,.) = 
  2.2377e-04  1.9264e-04  3.8068e-06 -1.3228e-04 -2.0541e-04
  3.0745e-04  1.9087e-04  4.8003e-05 -5.4100e-06 -1.5068e-04
  2.2436e-04  2.4955e-05 -3.0511e-05 -1.4721e-05 -1.2586e-04
  1.1923e-04  5.5177e-06 -9.5529e-05 -1.3594e-04 -1.2288e-04
  1.7036e-04  2.4211e-05 -9.0734e-05 -7.8118e-05 -2.2414e-05

(15,0 ,.,.) = 
 -3.8057e-04 -3.5283e-04 -3.6909e-04 -5.0577e-04 -6.9507e-04
 -3.6495e-04 -5.0961e-04 -5.5382e-04 -5.8638e-04 -7.0555e-04
 -2.3831e-04 -3.1240e-04 -2.5402e-04 -1.2446e-04 -2.5989e-04
  9.9105e-05  1.9953e-04  4.2310e-04  5.1258e-04  3.4884e-04
  5.2334e-04  5.4522e-04  6.6579e-04  6.1042e-04  3.7227e-04

(16,0 ,.,.) = 
  3.7977e-04  2.9932e-04  2.5489e-04  3.6599e-04  4.4496e-04
  2.1600e-04  1.6605e-04  1.0438e-04  2.7265e-04  2.8681e-04
 -2.2085e-05 -8.8606e-05 -1.1009e-05  1.4953e-04  1.9267e-04
 -3.9932e-05 -8.1292e-05  7.7490e-05  1.5531e-04  8.3075e-05
 -1.7740e-04 -1.8919e-04  1.0767e-05  9.5550e-05  3.5344e-05

(17,0 ,.,.) = 
  3.3624e-05  2.8361e-06 -7.5848e-05 -2.8536e-05  2.6398e-04
  1.7029e-04  1.3521e-04  3.8129e-06  2.0376e-05  2.4526e-04
  2.6276e-04  2.4385e-04  4.7225e-05  2.4809e-05  1.4104e-04
  2.9873e-04  2.4630e-04  1.1459e-04  8.0086e-05  5.2151e-05
  1.7019e-04  2.7324e-04  1.6124e-04  6.1257e-05  1.3325e-04

(18,0 ,.,.) = 
 -1.9063e-04  1.9242e-06  2.1234e-04  3.6273e-04  3.1526e-04
 -4.0045e-04 -4.1285e-04 -1.0067e-04  1.5697e-04  4.1048e-04
 -5.0404e-04 -4.4516e-04 -1.3438e-04  1.9863e-04  5.9305e-04
 -3.0532e-04 -1.1965e-04  1.6880e-05  3.9666e-04  8.1324e-04
  5.1378e-05  9.5449e-05  2.8033e-04  7.2197e-04  1.0671e-03

(19,0 ,.,.) = 
  3.0887e-04  2.7472e-04  1.0452e-04 -6.9442e-07 -1.3572e-04
  2.2915e-04  2.2208e-04 -7.8831e-06 -2.5207e-04 -3.8708e-04
  8.1880e-05  2.9702e-05 -1.7803e-04 -2.3991e-04 -2.6198e-04
  1.0159e-04 -3.1215e-05 -2.0798e-04 -1.7773e-04 -1.2779e-04
  1.2132e-05 -1.4393e-04 -2.8413e-04 -6.9977e-05  2.2778e-04

(20,0 ,.,.) = 
  3.4258e-04 -9.3331e-06 -2.1344e-04 -1.3210e-04  9.2085e-05
  2.6539e-04 -1.8817e-04 -3.9036e-04 -3.6779e-04 -2.5393e-04
  2.1120e-05 -4.5989e-04 -5.1925e-04 -4.1168e-04 -2.5384e-04
 -1.8913e-04 -4.1642e-04 -3.9417e-04 -1.7399e-04 -2.4491e-04
 -2.8998e-04 -3.0170e-04 -2.1201e-04 -2.2956e-04 -3.9724e-04

(21,0 ,.,.) = 
 -4.5280e-04 -3.9169e-04 -2.7957e-04 -3.9896e-04 -4.8888e-04
 -2.2385e-04 -8.8318e-05 -3.9655e-05 -2.5649e-04 -4.0474e-04
 -2.7047e-05  5.9040e-05 -9.1337e-05 -5.1493e-05 -5.2620e-05
  1.7289e-05  1.8553e-04  1.5990e-04  2.2140e-04  9.4989e-05
  2.7837e-04  4.9826e-04  6.0894e-04  6.2974e-04  3.6236e-04

(22,0 ,.,.) = 
  1.5694e-05  1.0788e-04  6.2057e-05 -7.0097e-05 -1.1829e-04
  1.0403e-04  1.8911e-04  1.3638e-04 -1.3735e-04 -2.8731e-04
  1.7964e-05 -4.3134e-05 -1.3907e-05 -1.6699e-04 -3.1402e-04
 -1.5720e-04 -3.4529e-04 -2.3175e-04 -3.2654e-04 -3.4548e-04
  9.7352e-06 -2.0017e-04 -1.9692e-04 -2.5552e-04 -2.1010e-04

(23,0 ,.,.) = 
 -1.6176e-04 -1.2190e-04 -6.5985e-05 -1.8631e-04 -1.6285e-04
 -1.8114e-04 -1.2593e-04 -1.0950e-04 -2.3451e-04 -9.8495e-05
 -1.9302e-04 -2.1045e-04 -1.7226e-04 -1.5305e-04  3.9074e-06
 -1.9695e-04 -2.2676e-04 -1.3121e-04 -5.2472e-05  4.2118e-05
 -2.1104e-04 -1.8503e-04 -7.0962e-05 -5.6890e-06 -1.8774e-05

(24,0 ,.,.) = 
 -4.0572e-04 -2.8935e-04 -4.1996e-04 -6.4183e-04 -5.5993e-04
 -4.4908e-04 -3.2463e-04 -2.5836e-04 -1.1624e-04  1.2859e-04
 -1.0304e-04 -1.2867e-04  6.0782e-05  3.1079e-04  3.3193e-04
  6.2182e-05 -2.5056e-05 -5.1579e-05  2.8481e-05  1.0591e-04
  1.3369e-04 -7.9212e-05  1.1040e-05  2.1065e-05  2.9328e-05

(25,0 ,.,.) = 
  6.9102e-06 -2.2485e-05 -9.3242e-05 -1.2980e-04 -8.3093e-05
 -9.2479e-05 -1.0793e-04 -1.0924e-04 -1.7170e-04 -1.0861e-04
 -2.2298e-05  1.0313e-05 -5.2940e-05 -5.0101e-05 -7.9900e-05
  7.6365e-05  1.6083e-04  2.6225e-05  1.6765e-05  2.3280e-05
  5.8800e-05  1.1986e-04  6.7806e-05 -2.5796e-05 -4.5622e-05

(26,0 ,.,.) = 
 -2.6266e-04 -1.6081e-04 -1.3483e-04 -2.5111e-04 -2.3380e-04
 -2.4715e-04 -9.5228e-05 -2.6675e-05 -2.7690e-04 -3.7360e-04
 -1.8481e-04 -5.4430e-05  2.2308e-05 -1.1073e-04 -1.9911e-04
 -1.5779e-04 -6.4548e-05  1.8164e-04  2.0690e-04  2.1125e-04
  1.0971e-05  8.4993e-05  3.2869e-04  4.2437e-04  3.7839e-04

(27,0 ,.,.) = 
 -2.8669e-05  8.9030e-05  6.0877e-06  5.5459e-06 -1.7179e-04
  1.9115e-04 -2.7034e-05 -2.1119e-04 -2.0117e-04 -3.5206e-04
  1.9796e-04  2.9313e-05 -7.5223e-05 -6.5006e-05 -1.4146e-04
  2.4891e-04  2.5178e-04  1.3197e-04  8.7119e-05  9.0868e-05
  7.2742e-05  5.7669e-05  1.2928e-04  2.6213e-04  2.7752e-04

(28,0 ,.,.) = 
 -1.7856e-04  1.5691e-05  4.1429e-05  1.9516e-04  1.7627e-04
 -3.5572e-04 -1.8299e-04 -7.3664e-05  7.7966e-05  9.6627e-05
 -3.3518e-04 -1.1265e-04  3.3991e-05  1.1752e-04  1.8009e-04
 -4.7321e-04 -2.7100e-04  1.5553e-05  2.2330e-04  3.0351e-04
 -4.8803e-04 -3.6281e-04 -1.5642e-05  1.9523e-04  2.4710e-04

(29,0 ,.,.) = 
  2.9248e-04 -1.0072e-05 -2.5045e-04 -2.4905e-04 -5.1209e-05
  2.4205e-04  3.1097e-05 -8.1759e-06  8.0892e-05  4.9915e-05
 -6.9060e-05 -1.1184e-04 -6.0453e-05  1.0454e-04 -1.4075e-05
 -1.9711e-04 -3.0277e-04 -9.8664e-05  1.4477e-04  6.6039e-05
 -1.7155e-04 -1.5105e-04  1.2030e-04  1.9346e-04  7.1516e-05

(30,0 ,.,.) = 
  1.3673e-04  5.1227e-05 -4.2215e-05  9.0234e-06  5.3068e-06
  5.7390e-05  9.7241e-05  2.5299e-05  9.5398e-05 -4.6078e-05
 -1.1933e-04  4.3449e-05  7.0904e-05 -8.9155e-06 -3.3825e-04
 -2.4403e-04 -3.9133e-05  3.6664e-05 -1.5132e-04 -5.5166e-04
 -7.1681e-05 -4.6309e-05 -9.6760e-05 -1.2749e-04 -3.5342e-04

(31,0 ,.,.) = 
 -5.0057e-05  2.8068e-05  1.4584e-04  5.5136e-05  1.2228e-04
 -1.9118e-05  9.8499e-05  2.1211e-04  1.4882e-04  1.9180e-04
 -1.6202e-05  1.7866e-04  2.3883e-04  2.0206e-04  1.5956e-04
  2.5537e-04  2.6022e-04  1.3891e-04  6.0279e-06 -8.1186e-05
  5.5258e-04  3.3722e-04 -2.6079e-06 -1.5968e-04 -1.0659e-04
[torch.FloatTensor of size 32x1x5x5]
}, 4428164848: {'exp_avg_sq': 
(0 ,0 ,.,.) = 
1.00000e-07 *
  0.0217  0.0034  0.0021  0.0107  0.0444
  0.0146  0.0068  0.0001  0.0068  0.0331
  0.0096  0.0005  0.0374  0.0061  0.0349
  0.0412  0.0242  0.0081  0.0551  0.0043
  0.0551  0.0801  0.0104  0.0028  0.0280

(0 ,1 ,.,.) = 
1.00000e-07 *
  0.0970  0.0083  0.0497  0.1458  0.3995
  0.1335  0.0166  0.0041  0.0352  0.3208
  0.0055  0.0500  0.0001  0.0585  0.2061
  0.1167  0.0074  0.0001  0.0105  0.0081
  0.1461  0.0000  0.0728  0.0201  0.0020

(0 ,2 ,.,.) = 
1.00000e-07 *
  0.0073  0.0004  0.0043  0.0524  0.0780
  0.0000  0.0186  0.0120  0.0234  0.1702
  0.0001  0.0005  0.0503  0.0837  0.0662
  0.0054  0.0249  0.0016  0.0176  0.0066
  0.0219  0.1466  0.1044  0.0069  0.0303
   ...

(0 ,29,.,.) = 
1.00000e-07 *
  0.0106  0.0474  0.0020  0.1151  0.1931
  0.0073  0.0128  0.2151  0.0651  0.0491
  0.0908  0.0006  0.0209  0.0019  0.1952
  0.0065  0.0137  0.0010  0.0168  0.2398
  0.1275  0.0957  0.0776  0.0462  0.0010

(0 ,30,.,.) = 
1.00000e-07 *
  0.0018  0.0164  0.0237  0.0294  0.0691
  0.0159  0.0131  0.0223  0.1203  0.1103
  0.0529  0.0000  0.0140  0.0831  0.0932
  0.0468  0.0040  0.0011  0.0343  0.1030
  0.0011  0.0009  0.0076  0.0589  0.0262

(0 ,31,.,.) = 
1.00000e-07 *
  0.0178  0.0269  0.0000  0.0028  0.0000
  0.0009  0.0102  0.0075  0.0047  0.0051
  0.0101  0.0020  0.0166  0.0016  0.0134
  0.0006  0.0027  0.0021  0.0001  0.0081
  0.1050  0.0099  0.0015  0.0004  0.0019
     ⋮ 

(1 ,0 ,.,.) = 
1.00000e-07 *
  0.0005  0.0015  0.0272  0.0148  0.0000
  0.0011  0.0018  0.0787  0.0031  0.0171
  0.0295  0.0137  0.0013  0.0001  0.0156
  0.0005  0.0009  0.0000  0.0020  0.0133
  0.0227  0.0036  0.0067  0.0018  0.0074

(1 ,1 ,.,.) = 
1.00000e-07 *
  0.0074  0.0467  0.1296  0.1204  0.1162
  0.1280  0.0383  0.0166  0.1312  0.0172
  0.0269  0.0096  0.0003  0.0200  0.0633
  0.0241  0.1039  0.0557  0.0002  0.0042
  0.0298  0.0930  0.1795  0.0080  0.0015

(1 ,2 ,.,.) = 
1.00000e-07 *
  0.0448  0.1261  0.0000  0.0002  0.0059
  0.0067  0.0235  0.0039  0.0105  0.0000
  0.0043  0.0002  0.0105  0.0260  0.0231
  0.0308  0.0000  0.0263  0.0438  0.1346
  0.0110  0.0068  0.0034  0.0337  0.0416
   ...

(1 ,29,.,.) = 
1.00000e-07 *
  0.0005  0.0305  0.0987  0.0073  0.0226
  0.0048  0.1636  0.0954  0.0249  0.2005
  0.2377  0.2562  0.0399  0.0271  0.0084
  0.1192  0.0625  0.0000  0.0000  0.0344
  0.0118  0.0134  0.0009  0.0456  0.2607

(1 ,30,.,.) = 
1.00000e-07 *
  0.0237  0.0238  0.0013  0.0316  0.0234
  0.0005  0.0203  0.0106  0.0516  0.0706
  0.0012  0.0181  0.0690  0.0136  0.0137
  0.0274  0.0170  0.0049  0.0229  0.0076
  0.0070  0.0112  0.0009  0.0253  0.0277

(1 ,31,.,.) = 
1.00000e-07 *
  0.0068  0.0143  0.0137  0.0002  0.0028
  0.0120  0.0210  0.0180  0.0167  0.0015
  0.0213  0.0127  0.0255  0.0030  0.0000
  0.0133  0.0082  0.0122  0.0256  0.0217
  0.0002  0.0052  0.0000  0.0170  0.0043
     ⋮ 

(2 ,0 ,.,.) = 
1.00000e-07 *
  0.0455  0.0000  0.0007  0.0066  0.0021
  0.0451  0.0186  0.0137  0.0038  0.0002
  0.0016  0.0046  0.0078  0.0168  0.0038
  0.0097  0.0003  0.0151  0.0164  0.0006
  0.0177  0.0112  0.0014  0.0122  0.0213

(2 ,1 ,.,.) = 
1.00000e-07 *
  0.0328  0.0473  0.1804  0.0487  0.0122
  0.0010  0.0274  0.0036  0.0048  0.0033
  0.0610  0.0817  0.0093  0.0115  0.0073
  0.0001  0.0490  0.0577  0.0282  0.0093
  0.0107  0.0476  0.0790  0.0140  0.0001

(2 ,2 ,.,.) = 
1.00000e-07 *
  0.0021  0.0132  0.0214  0.0436  0.0389
  0.0023  0.0002  0.0061  0.0115  0.0095
  0.0042  0.0130  0.0036  0.0015  0.0730
  0.0402  0.0258  0.0015  0.0015  0.0612
  0.0282  0.0121  0.0000  0.0000  0.0028
   ...

(2 ,29,.,.) = 
1.00000e-07 *
  0.1559  0.0140  0.0986  0.2075  0.1006
  0.0954  0.4303  0.3978  0.1259  0.1919
  0.0733  0.0598  0.0004  0.0094  0.0016
  0.0006  0.0143  0.0168  0.0063  0.0115
  0.0539  0.0310  0.0092  0.0541  0.0003

(2 ,30,.,.) = 
1.00000e-07 *
  0.0360  0.0039  0.0022  0.0044  0.0113
  0.0061  0.0635  0.0719  0.0706  0.0101
  0.0112  0.0255  0.0250  0.0000  0.0096
  0.0096  0.0123  0.0003  0.0007  0.0003
  0.0166  0.0080  0.0237  0.0290  0.0298

(2 ,31,.,.) = 
1.00000e-07 *
  0.0016  0.0010  0.0008  0.0086  0.0002
  0.0189  0.0102  0.0431  0.0503  0.0121
  0.0125  0.0000  0.0006  0.0012  0.0013
  0.0151  0.0202  0.0029  0.0002  0.0035
  0.0000  0.0018  0.0253  0.0245  0.0255
...   
     ⋮ 

(61,0 ,.,.) = 
1.00000e-07 *
  0.0007  0.0008  0.0053  0.0025  0.0274
  0.0137  0.0492  0.0011  0.0186  0.0080
  0.0225  0.0320  0.0386  0.0241  0.0013
  0.0057  0.0064  0.0102  0.0047  0.0005
  0.0000  0.0128  0.0000  0.0023  0.0291

(61,1 ,.,.) = 
1.00000e-07 *
  0.1496  0.0227  0.0464  0.0001  0.0048
  0.0006  0.0800  0.0969  0.0050  0.0057
  0.0150  0.1045  0.1874  0.0345  0.0137
  0.0586  0.1767  0.3054  0.0739  0.0012
  0.0332  0.2188  0.2885  0.0916  0.0076

(61,2 ,.,.) = 
1.00000e-07 *
  0.0115  0.0167  0.0148  0.0002  0.0107
  0.0367  0.0176  0.0253  0.0082  0.0399
  0.1000  0.0994  0.0410  0.0507  0.0286
  0.1475  0.1106  0.0203  0.0476  0.0045
  0.1369  0.2009  0.0628  0.0529  0.0012
   ...

(61,29,.,.) = 
1.00000e-07 *
  0.0071  0.1749  0.0807  0.0674  0.0699
  0.2084  0.0733  0.0469  0.0193  0.0023
  0.0013  0.0005  0.0003  0.0607  0.0046
  0.0048  0.0252  0.0109  0.1899  0.0305
  0.0234  0.0235  0.3405  0.1426  0.0000

(61,30,.,.) = 
1.00000e-07 *
  0.0214  0.0157  0.0185  0.0161  0.0251
  0.0347  0.0770  0.0253  0.0057  0.0096
  0.0747  0.0300  0.0018  0.0036  0.0001
  0.0215  0.0768  0.0416  0.0002  0.0005
  0.0058  0.0447  0.0206  0.0042  0.0000

(61,31,.,.) = 
1.00000e-07 *
  0.0122  0.0008  0.0036  0.0025  0.0023
  0.0023  0.0018  0.0000  0.0004  0.0114
  0.0001  0.0034  0.0059  0.0045  0.0175
  0.0021  0.0017  0.0104  0.0026  0.0027
  0.0012  0.0033  0.0148  0.0039  0.0002
     ⋮ 

(62,0 ,.,.) = 
1.00000e-07 *
  0.0251  0.1403  0.1759  0.1713  0.1199
  0.0011  0.0170  0.0677  0.0156  0.0389
  0.0407  0.0438  0.1643  0.0536  0.0376
  0.0122  0.0001  0.0315  0.0303  0.0497
  0.0147  0.0006  0.0224  0.0000  0.0266

(62,1 ,.,.) = 
1.00000e-07 *
  0.2067  0.2525  0.0565  0.0294  0.0266
  0.0031  0.1505  0.2321  0.1351  0.0001
  0.0306  0.0327  0.2145  0.0989  0.0314
  0.0026  0.0067  0.0097  0.0133  0.0004
  0.0251  0.0000  0.0002  0.0609  0.0019

(62,2 ,.,.) = 
1.00000e-07 *
  0.0046  0.0014  0.0477  0.1415  0.0370
  0.0359  0.0015  0.0084  0.0071  0.0173
  0.0026  0.0197  0.0011  0.0282  0.0778
  0.0082  0.0147  0.0075  0.0609  0.0252
  0.0206  0.0008  0.0414  0.1052  0.0006
   ...

(62,29,.,.) = 
1.00000e-07 *
  0.0020  0.0465  0.0170  0.0324  0.0051
  0.1185  0.0968  0.0152  0.0028  0.0012
  0.0166  0.0270  0.0034  0.0134  0.0019
  0.0134  0.0102  0.1660  0.1933  0.0576
  0.0162  0.0178  0.1118  0.0035  0.2099

(62,30,.,.) = 
1.00000e-07 *
  0.0084  0.0071  0.0030  0.0114  0.0157
  0.0771  0.0620  0.0238  0.0099  0.0507
  0.0217  0.0577  0.0131  0.0079  0.0173
  0.0453  0.0284  0.0884  0.0020  0.0013
  0.0000  0.0009  0.0074  0.0014  0.0043

(62,31,.,.) = 
1.00000e-07 *
  0.1207  0.2149  0.1322  0.0409  0.0232
  0.0571  0.2425  0.1437  0.0818  0.0196
  0.0468  0.1139  0.3247  0.1318  0.0474
  0.0169  0.0464  0.1468  0.0516  0.1231
  0.0320  0.0166  0.0475  0.0106  0.0220
     ⋮ 

(63,0 ,.,.) = 
1.00000e-07 *
  0.0001  0.0015  0.0003  0.0020  0.0002
  0.0000  0.0004  0.0002  0.0002  0.0002
  0.0000  0.0023  0.0005  0.0001  0.0037
  0.0002  0.0010  0.0010  0.0000  0.0041
  0.0002  0.0039  0.0002  0.0000  0.0081

(63,1 ,.,.) = 
1.00000e-07 *
  0.0014  0.0000  0.0000  0.0003  0.0031
  0.0000  0.0060  0.0009  0.0012  0.0008
  0.0120  0.0025  0.0045  0.0016  0.0003
  0.0004  0.0073  0.0080  0.0071  0.0068
  0.0001  0.0030  0.0203  0.0121  0.0528

(63,2 ,.,.) = 
1.00000e-07 *
  0.0000  0.0008  0.0001  0.0000  0.0115
  0.0000  0.0027  0.0045  0.0010  0.0110
  0.0072  0.0011  0.0004  0.0055  0.0018
  0.0042  0.0004  0.0003  0.0080  0.0003
  0.0057  0.0007  0.0020  0.0284  0.0001
   ...

(63,29,.,.) = 
1.00000e-07 *
  0.0133  0.0102  0.0012  0.0005  0.0037
  0.0051  0.0012  0.0009  0.0035  0.0050
  0.0034  0.0002  0.0002  0.0028  0.0266
  0.0003  0.0035  0.0034  0.0012  0.0036
  0.0009  0.0041  0.0012  0.0017  0.0016

(63,30,.,.) = 
1.00000e-07 *
  0.0015  0.0000  0.0000  0.0002  0.0007
  0.0001  0.0001  0.0006  0.0012  0.0002
  0.0002  0.0000  0.0020  0.0005  0.0011
  0.0032  0.0014  0.0001  0.0011  0.0000
  0.0015  0.0011  0.0012  0.0020  0.0001

(63,31,.,.) = 
1.00000e-07 *
  0.0047  0.0014  0.0000  0.0011  0.0002
  0.0015  0.0026  0.0005  0.0009  0.0001
  0.0001  0.0043  0.0005  0.0000  0.0039
  0.0003  0.0005  0.0006  0.0001  0.0001
  0.0011  0.0000  0.0023  0.0000  0.0003
[torch.FloatTensor of size 64x32x5x5]
, 'step': 1, 'exp_avg': 
(0 ,0 ,.,.) = 
1.00000e-03 *
 -0.1475 -0.0585  0.0459  0.1032  0.2108
  0.1208  0.0825 -0.0107  0.0823  0.1819
 -0.0977 -0.0223  0.1934  0.0778  0.1867
 -0.2030 -0.1556 -0.0903 -0.2348 -0.0653
 -0.2348 -0.2830 -0.1022  0.0529  0.1674

(0 ,1 ,.,.) = 
1.00000e-03 *
 -0.3114  0.0910  0.2228  0.3819  0.6321
 -0.3654 -0.1290  0.0638  0.1877  0.5664
 -0.0743 -0.2236  0.0120  0.2420  0.4540
  0.3415 -0.0858 -0.0118  0.1024  0.0898
  0.3822 -0.0051 -0.2699 -0.1417  0.0448

(0 ,2 ,.,.) = 
1.00000e-03 *
 -0.0855  0.0209  0.0654  0.2289  0.2793
 -0.0012  0.1365 -0.1094  0.1529  0.4126
 -0.0075 -0.0231 -0.2243  0.2894  0.2573
 -0.0734 -0.1578 -0.0401  0.1327 -0.0813
 -0.1481 -0.3829 -0.3231  0.0830  0.1741
   ...

(0 ,29,.,.) = 
1.00000e-03 *
  0.1027 -0.2177 -0.0446  0.3393  0.4395
 -0.0857 -0.1132  0.4637  0.2551  0.2216
 -0.3013  0.0238  0.1446  0.0435  0.4418
 -0.0806  0.1169 -0.0312  0.1297  0.4897
  0.3570  0.3094  0.2786  0.2149 -0.0322

(0 ,30,.,.) = 
1.00000e-03 *
 -0.0418  0.1281  0.1538  0.1715  0.2628
  0.1259  0.1144  0.1495  0.3468  0.3321
 -0.2301  0.0046  0.1185  0.2882  0.3053
 -0.2163 -0.0634  0.0332  0.1851  0.3209
  0.0325 -0.0307  0.0875  0.2426  0.1618

(0 ,31,.,.) = 
1.00000e-03 *
 -0.1334 -0.1639  0.0000  0.0530 -0.0056
 -0.0293 -0.1011 -0.0866  0.0684  0.0713
  0.1006  0.0445  0.1290  0.0400  0.1159
  0.0239  0.0518  0.0461  0.0100  0.0897
 -0.3240 -0.0994  0.0386 -0.0202 -0.0442
     ⋮ 

(1 ,0 ,.,.) = 
1.00000e-03 *
  0.0222 -0.0392 -0.1648  0.1217 -0.0019
 -0.0329 -0.0423 -0.2805  0.0556 -0.1309
  0.1718  0.1170 -0.0362  0.0098 -0.1247
 -0.0221 -0.0304 -0.0019  0.0448 -0.1153
 -0.1507  0.0604 -0.0821 -0.0421 -0.0859

(1 ,1 ,.,.) = 
1.00000e-03 *
 -0.0860 -0.2162 -0.3600 -0.3470 -0.3408
 -0.3578 -0.1958 -0.1287 -0.3622 -0.1313
 -0.1639  0.0982 -0.0162 -0.1415 -0.2516
  0.1553  0.3223  0.2361 -0.0152 -0.0646
  0.1725  0.3049  0.4236  0.0896  0.0385

(1 ,2 ,.,.) = 
1.00000e-03 *
 -0.2116 -0.3551 -0.0010  0.0146 -0.0767
 -0.0818 -0.1533  0.0623 -0.1025 -0.0028
  0.0656  0.0123 -0.1026 -0.1612 -0.1519
  0.1755 -0.0035 -0.1621 -0.2093 -0.3669
  0.1050  0.0825 -0.0580 -0.1836 -0.2040
   ...

(1 ,29,.,.) = 
1.00000e-03 *
 -0.0219 -0.1747 -0.3141 -0.0856 -0.1504
 -0.0692 -0.4045 -0.3088 -0.1578 -0.4478
 -0.4876 -0.5062 -0.1998 -0.1646 -0.0917
 -0.3452 -0.2501  0.0055 -0.0050 -0.1855
  0.1086  0.1159  0.0296  0.2135 -0.5106

(1 ,30,.,.) = 
1.00000e-03 *
 -0.1540 -0.1544 -0.0360 -0.1779 -0.1531
  0.0218 -0.1424 -0.1031 -0.2271 -0.2657
 -0.0345 -0.1345 -0.2626 -0.1167 -0.1168
 -0.1657 -0.1302 -0.0699 -0.1514 -0.0870
  0.0837  0.1058  0.0305 -0.1590 -0.1665

(1 ,31,.,.) = 
1.00000e-03 *
 -0.0827 -0.1195 -0.1171 -0.0142 -0.0526
 -0.1097 -0.1450 -0.1343  0.1293 -0.0383
  0.1461  0.1127  0.1598  0.0546 -0.0047
  0.1153  0.0907  0.1102  0.1601  0.1473
 -0.0129  0.0724  0.0018  0.1302  0.0654
     ⋮ 

(2 ,0 ,.,.) = 
1.00000e-03 *
  0.2134  0.0000  0.0266  0.0814  0.0455
  0.2124  0.1362  0.1170 -0.0616 -0.0152
 -0.0406 -0.0677 -0.0880 -0.1296  0.0619
 -0.0986  0.0169  0.1230  0.1279  0.0248
 -0.1330  0.1059 -0.0375 -0.1103 -0.1461

(2 ,1 ,.,.) = 
1.00000e-03 *
 -0.1812 -0.2174 -0.4247 -0.2207 -0.1105
  0.0314  0.1655  0.0596 -0.0691  0.0575
  0.2471  0.2859  0.0965 -0.1070 -0.0855
 -0.0080  0.2213  0.2402  0.1680 -0.0966
  0.1035  0.2181  0.2810  0.1182 -0.0114

(2 ,2 ,.,.) = 
1.00000e-03 *
 -0.0456 -0.1149  0.1462  0.2089  0.1973
 -0.0480  0.0134  0.0779  0.1073  0.0976
  0.0651  0.1140 -0.0604 -0.0392  0.2702
  0.2006  0.1605 -0.0393  0.0388  0.2474
  0.1679  0.1101  0.0021  0.0013 -0.0531
   ...

(2 ,29,.,.) = 
1.00000e-03 *
  0.3948  0.1181 -0.3141 -0.4555 -0.3172
 -0.3089 -0.6560 -0.6307 -0.3548 -0.4381
 -0.2707 -0.2446  0.0194  0.0969  0.0394
  0.0241  0.1197  0.1294 -0.0792  0.1072
  0.2322  0.1760  0.0957 -0.2326 -0.0168

(2 ,30,.,.) = 
1.00000e-03 *
  0.1897  0.0625  0.0472 -0.0660 -0.1062
 -0.0784 -0.2520 -0.2682 -0.2657 -0.1004
 -0.1059 -0.1596 -0.1580 -0.0065  0.0978
  0.0981  0.1110 -0.0159 -0.0267 -0.0164
  0.1287  0.0897 -0.1541 -0.1704 -0.1728

(2 ,31,.,.) = 
1.00000e-03 *
  0.0396 -0.0309  0.0285  0.0926 -0.0129
  0.1373  0.1011  0.2076  0.2244  0.1099
  0.1117 -0.0044  0.0240  0.0347  0.0367
 -0.1231 -0.1423 -0.0539  0.0127 -0.0592
 -0.0037 -0.0426 -0.1590 -0.1564 -0.1598
...   
     ⋮ 

(61,0 ,.,.) = 
1.00000e-03 *
 -0.0261  0.0284 -0.0728 -0.0498  0.1654
 -0.1170  0.2218 -0.0336 -0.1363  0.0896
  0.1501  0.1788 -0.1965 -0.1553 -0.0361
 -0.0758  0.0799  0.1009  0.0686  0.0213
 -0.0065  0.1130 -0.0029 -0.0485 -0.1705

(61,1 ,.,.) = 
1.00000e-03 *
  0.3868  0.1506  0.2155 -0.0091  0.0695
  0.0239  0.2829  0.3113  0.0707  0.0753
  0.1226  0.3232  0.4329  0.1858  0.1171
  0.2420  0.4204  0.5526  0.2719 -0.0339
  0.1822  0.4677  0.5372  0.3027  0.0873

(61,2 ,.,.) = 
1.00000e-03 *
  0.1073 -0.1294 -0.1216  0.0136 -0.1035
  0.1915  0.1327  0.1591 -0.0904 -0.1997
  0.3163  0.3153  0.2025 -0.2253 -0.1691
  0.3841  0.3326  0.1427 -0.2182 -0.0674
  0.3700  0.4482  0.2506 -0.2300  0.0350
   ...

(61,29,.,.) = 
1.00000e-03 *
 -0.0845  0.4182  0.2841  0.2597  0.2644
  0.4565  0.2707  0.2166  0.1389  0.0482
  0.0355 -0.0227  0.0181  0.2464  0.0677
  0.0692  0.1586  0.1045  0.4358  0.1745
  0.1528  0.1532  0.5835  0.3776 -0.0016

(61,30,.,.) = 
1.00000e-03 *
 -0.1464 -0.1255  0.1359  0.1269  0.1585
  0.1862  0.2776  0.1592  0.0757  0.0981
  0.2734  0.1733  0.0430  0.0603 -0.0078
  0.1466  0.2772  0.2041  0.0130 -0.0224
  0.0763  0.2115  0.1435  0.0647 -0.0047

(61,31,.,.) = 
1.00000e-03 *
  0.1103  0.0282 -0.0601 -0.0504  0.0484
 -0.0476  0.0426  0.0064  0.0206  0.1070
 -0.0079 -0.0586 -0.0769  0.0673  0.1324
  0.0457  0.0408 -0.1022 -0.0512  0.0519
 -0.0340 -0.0576 -0.1218 -0.0623 -0.0133
     ⋮ 

(62,0 ,.,.) = 
1.00000e-03 *
  0.1585  0.3745  0.4194  0.4139  0.3463
  0.0334  0.1305  0.2602  0.1250  0.1971
  0.2018  0.2092  0.4054  0.2314  0.1939
  0.1106 -0.0071  0.1776  0.1742  0.2228
  0.1214  0.0241  0.1496 -0.0069  0.1630

(62,1 ,.,.) = 
1.00000e-03 *
 -0.4547 -0.5025 -0.2377 -0.1715  0.1631
 -0.0556 -0.3879 -0.4818 -0.3676  0.0079
  0.1749 -0.1807 -0.4631 -0.3145 -0.1773
 -0.0510 -0.0816 -0.0982  0.1155  0.0209
 -0.1585  0.0035 -0.0157  0.2468 -0.0434

(62,2 ,.,.) = 
1.00000e-03 *
 -0.0679  0.0378  0.2184  0.3762  0.1925
 -0.1894 -0.0387  0.0917  0.0844  0.1315
 -0.0508 -0.1403  0.0335  0.1678  0.2788
 -0.0907 -0.1211  0.0863  0.2467  0.1586
 -0.1434  0.0287  0.2034  0.3243  0.0245
   ...

(62,29,.,.) = 
1.00000e-03 *
 -0.0451 -0.2157 -0.1305  0.1801 -0.0716
 -0.3442 -0.3111 -0.1231  0.0527  0.0352
 -0.1287 -0.1644 -0.0581 -0.1158  0.0440
 -0.1156 -0.1008 -0.4075 -0.4397  0.2399
  0.1274 -0.1333 -0.3344 -0.0594  0.4581

(62,30,.,.) = 
1.00000e-03 *
 -0.0915 -0.0842  0.0546  0.1070  0.1254
 -0.2776 -0.2490 -0.1542  0.0994  0.2252
 -0.1473 -0.2403 -0.1143  0.0888  0.1315
 -0.2129 -0.1685 -0.2974 -0.0451 -0.0359
  0.0005  0.0297 -0.0863 -0.0369 -0.0654

(62,31,.,.) = 
1.00000e-03 *
  0.3474  0.4636  0.3636  0.2022  0.1524
  0.2389  0.4925  0.3791  0.2860  0.1401
  0.2163  0.3375  0.5699  0.3631  0.2177
  0.1302  0.2155  0.3831  0.2273  0.3508
  0.1789  0.1288  0.2179  0.1030  0.1484
     ⋮ 

(63,0 ,.,.) = 
1.00000e-03 *
  0.0087  0.0391 -0.0173  0.0444 -0.0148
  0.0057  0.0208  0.0127  0.0158  0.0131
  0.0003  0.0484  0.0216 -0.0095  0.0609
 -0.0151  0.0314 -0.0324  0.0023  0.0640
  0.0156  0.0623  0.0133 -0.0001  0.0900

(63,1 ,.,.) = 
1.00000e-03 *
 -0.0375 -0.0018 -0.0040 -0.0165  0.0554
  0.0034  0.0772  0.0308  0.0352 -0.0284
  0.1097  0.0499  0.0673  0.0399 -0.0159
  0.0200  0.0855  0.0892  0.0841  0.0823
 -0.0118  0.0545  0.1426  0.1102  0.2298

(63,2 ,.,.) = 
1.00000e-03 *
 -0.0056  0.0281 -0.0099 -0.0019  0.1072
  0.0067  0.0521 -0.0669  0.0309  0.1049
  0.0847  0.0327 -0.0199  0.0740 -0.0421
  0.0648  0.0202 -0.0158  0.0892  0.0174
  0.0757  0.0258  0.0447  0.1684  0.0082
   ...

(63,29,.,.) = 
1.00000e-03 *
 -0.1154 -0.1012  0.0341 -0.0220 -0.0606
 -0.0717 -0.0341  0.0298 -0.0588  0.0705
 -0.0582  0.0156  0.0155 -0.0532  0.1630
 -0.0177  0.0596  0.0581 -0.0340  0.0599
  0.0305  0.0642  0.0349  0.0414  0.0406

(63,30,.,.) = 
1.00000e-03 *
 -0.0382  0.0052 -0.0003  0.0154  0.0270
 -0.0082  0.0108 -0.0243  0.0341 -0.0151
  0.0129 -0.0053 -0.0447 -0.0220  0.0325
  0.0562  0.0377  0.0094  0.0332  0.0045
  0.0393  0.0338  0.0349  0.0446  0.0113

(63,31,.,.) = 
1.00000e-03 *
  0.0683  0.0378 -0.0029  0.0333 -0.0142
  0.0381  0.0512  0.0214  0.0296 -0.0085
  0.0076  0.0658  0.0228 -0.0003  0.0626
 -0.0174  0.0230 -0.0238  0.0071  0.0118
 -0.0336 -0.0058 -0.0478 -0.0029  0.0167
[torch.FloatTensor of size 64x32x5x5]
}}, 'param_groups': [{'betas': (0.9, 0.999), 'weight_decay': 0, 'lr': 0.001, 'eps': 1e-08, 'params': [4428164656, 4428164752, 4428164848, 4428164944, 4428165040, 4428935248, 4428935344, 4428935440]}]}, 'best_prec1': 'test_'}
